Time,Device_0x40_Energy(J),Device_0x41_Energy(J),Device_0x44_Energy(J),Device_0x45_Energy(J),Device_0x48_Energy(J)
2025-09-14 14:17:58,0.079114,-0.000259,0.178961,0.077091,0.106139
2025-09-14 14:17:59,0.157791,-0.000601,0.356794,0.153617,0.211638
2025-09-14 14:18:00,0.199386,-0.000766,0.450416,0.193805,0.267174
2025-09-14 14:18:01,0.234531,-0.000887,0.530003,0.227904,0.314305
2025-09-14 14:18:02,0.269778,-0.001030,0.609520,0.262198,0.361500
2025-09-14 14:18:03,0.305022,-0.001165,0.689034,0.296315,0.408724
2025-09-14 14:18:04,0.340255,-0.001283,0.768607,0.330652,0.455887
2025-09-14 14:18:05,0.375482,-0.001455,0.848307,0.364798,0.503052
2025-09-14 14:18:06,0.410766,-0.001637,0.927933,0.399033,0.550282
2025-09-14 14:18:07,0.445969,-0.001778,1.007541,0.433215,0.597499
2025-09-14 14:18:08,0.481196,-0.001886,1.087063,0.467293,0.644742
2025-09-14 14:18:09,0.516464,-0.002045,1.166721,0.501610,0.691891
2025-09-14 14:18:10,0.551661,-0.002201,1.246348,0.533041,0.739086
2025-09-14 14:18:11,0.586693,-0.002343,1.325879,0.563776,0.786235
2025-09-14 14:18:12,0.621495,-0.002490,1.405428,0.594603,0.833366
2025-09-14 14:18:13,0.656744,-0.002629,1.485924,0.625720,0.881144
2025-09-14 14:18:14,0.694230,-0.002741,1.565527,0.656491,0.928430
2025-09-14 14:18:15,0.729144,-0.002868,1.645037,0.688862,0.975579
2025-09-14 14:18:16,0.764161,-0.003038,1.724619,0.719533,1.022755
2025-09-14 14:18:17,0.799188,-0.003141,1.804178,0.750264,1.069956
2025-09-14 14:18:18,0.834107,-0.003303,1.883648,0.780491,1.116583
2025-09-14 14:18:19,0.869117,-0.003461,1.963205,0.811126,1.163779
2025-09-14 14:18:20,0.904124,-0.003578,2.042597,0.841782,1.211022
2025-09-14 14:18:21,0.939030,-0.003717,2.122208,0.872483,1.258203
2025-09-14 14:18:22,0.973924,-0.003876,2.200797,0.903500,1.305413
2025-09-14 14:18:23,1.008951,-0.004028,2.280325,0.934340,1.352582
2025-09-14 14:18:24,1.043390,-0.004171,2.358899,0.964791,1.399191
2025-09-14 14:18:25,1.078308,0.002983,2.438558,0.997571,1.446448
2025-09-14 14:18:26,1.114054,0.002824,2.519977,1.028944,1.494771
2025-09-14 14:18:27,1.148958,0.002683,2.599535,1.059680,1.541941
2025-09-14 14:18:28,1.183891,0.002506,2.679186,1.090329,1.589113
2025-09-14 14:18:29,1.218884,0.002369,2.758721,1.121193,1.636332
2025-09-14 14:18:30,1.269426,0.002248,2.847418,1.148215,1.676147
2025-09-14 14:18:31,1.304248,0.002116,2.932837,1.181030,1.723073
2025-09-14 14:18:32,1.339231,0.001975,3.017873,1.213558,1.769966
2025-09-14 14:18:33,1.374173,0.001857,3.097533,1.244734,1.816974
2025-09-14 14:18:34,1.409142,0.001702,3.177068,1.275931,1.863863
2025-09-14 14:18:35,1.444068,0.001502,3.256680,1.307207,1.910727
2025-09-14 14:18:36,1.479019,0.001341,3.336356,1.338369,1.957643
2025-09-14 14:18:37,1.515923,0.001211,3.420656,1.371558,2.007262
2025-09-14 14:18:38,1.550574,0.001097,3.499450,1.402505,2.053650
2025-09-14 14:18:39,1.585562,0.000904,3.577979,1.433404,2.100528
2025-09-14 14:18:40,1.621792,0.000775,3.660349,1.465690,2.149165
2025-09-14 14:18:41,1.656694,0.000652,3.740045,1.497089,2.196135
2025-09-14 14:18:42,1.691602,0.000549,3.819633,1.528540,2.184058
2025-09-14 14:18:43,1.726720,0.000427,3.899134,1.559978,2.230967
2025-09-14 14:18:44,1.766652,0.000261,3.990126,1.595762,2.284531
2025-09-14 14:18:45,1.806646,0.000133,4.080021,1.639977,2.338016
2025-09-14 14:18:46,1.846439,-0.000053,4.170769,1.675519,2.391567
2025-09-14 14:18:47,1.885857,-0.000206,4.260658,1.710863,2.444586
2025-09-14 14:18:48,1.925789,-0.000340,4.351431,1.746487,2.498159
2025-09-14 14:18:49,1.948108,-0.000419,4.401977,1.766300,2.527984
2025-09-14 14:18:50,1.965743,-0.000469,4.442268,1.782247,2.551709
2025-09-14 14:18:51,1.982759,-0.000551,4.480646,1.797391,2.574306
2025-09-14 14:18:52,2.000449,-0.000563,4.520904,1.813280,2.598036
2025-09-14 14:18:53,2.018063,-0.000665,4.561188,1.829124,2.621773
2025-09-14 14:18:54,2.035682,-0.000763,4.601460,1.844961,2.645497
2025-09-14 14:18:55,2.052975,-0.000829,4.640803,1.860510,2.668671
2025-09-14 14:18:56,2.070329,-0.000897,4.680096,1.876050,2.691818
2025-09-14 14:18:58,2.088440,-0.000961,4.721383,1.892281,2.716089
2025-09-14 14:18:59,2.106065,-0.001059,4.761646,1.908210,2.739798
2025-09-14 14:19:00,2.124170,-0.001123,4.802896,1.924366,2.764072
2025-09-14 14:19:01,2.142342,-0.001159,4.844059,1.940397,2.788370
2025-09-14 14:19:02,2.159596,-0.001225,4.883333,1.955760,2.811564
2025-09-14 14:19:03,2.176873,-0.001305,4.922684,1.971286,2.834803
2025-09-14 14:19:04,2.194561,-0.001391,4.962850,1.987181,2.858553
2025-09-14 14:19:05,2.211829,-0.001455,5.003101,2.003109,2.882324
2025-09-14 14:19:06,2.230006,-0.001525,5.044226,2.019346,2.906630
2025-09-14 14:19:07,2.248080,-0.001616,5.085435,2.035581,2.930945
2025-09-14 14:19:08,2.265317,-0.001691,5.124792,2.050922,2.954158
2025-09-14 14:19:09,2.282608,-0.001764,5.164142,2.066511,2.977264
2025-09-14 14:19:10,2.300222,-0.001816,5.204402,2.082364,3.000978
2025-09-14 14:19:11,2.317915,-0.001900,5.244628,2.098221,3.024702
2025-09-14 14:19:12,2.336051,-0.001966,5.285782,2.114460,3.049002
2025-09-14 14:19:13,2.354165,-0.002050,5.327005,2.130507,3.073305
2025-09-14 14:19:14,2.371975,-0.002133,5.367230,2.146385,3.097005
2025-09-14 14:19:15,2.389253,-0.002224,5.406512,2.161951,3.120179
2025-09-14 14:19:16,2.406120,-0.002276,5.444949,2.177039,3.142866
2025-09-14 14:19:17,2.423375,-0.002335,5.484287,2.192403,3.166055
2025-09-14 14:19:18,2.440619,-0.002396,5.523742,2.207936,3.189262
2025-09-14 14:19:19,2.457782,-0.002442,5.563082,2.223459,3.212397
2025-09-14 14:19:20,2.475315,-0.002483,5.603284,2.239185,3.236111
2025-09-14 14:19:21,2.492995,-0.002526,5.643582,2.255080,3.259854
2025-09-14 14:19:22,2.510745,-0.002637,5.683848,2.270880,3.283567
2025-09-14 14:19:23,2.528384,-0.002695,5.724184,2.286762,3.307340
2025-09-14 14:19:24,2.546509,-0.002779,5.765382,2.303036,3.331639
2025-09-14 14:19:25,2.564712,-0.002853,5.806576,2.319169,3.355961
2025-09-14 14:19:26,2.582337,-0.002908,5.846801,2.334910,3.379688
2025-09-14 14:19:27,2.599926,-0.002945,5.887048,2.350684,3.403424
2025-09-14 14:19:28,2.617605,-0.003013,5.927381,2.366628,3.427171
2025-09-14 14:19:29,2.634892,-0.003113,5.966611,2.382077,3.450395
2025-09-14 14:19:30,2.652554,-0.003197,6.006872,2.398063,3.474139
2025-09-14 14:19:31,2.670250,-0.003277,6.047156,2.413874,3.497857
2025-09-14 14:19:32,2.688455,-0.003368,6.088381,2.430264,3.522125
2025-09-14 14:19:33,2.706308,-0.003420,6.128669,2.446077,3.545895
2025-09-14 14:19:34,2.723991,-0.003472,6.168907,2.461873,3.569678
2025-09-14 14:19:35,2.741715,-0.003563,6.209229,2.477695,3.593416
2025-09-14 14:19:36,2.759880,-0.003632,6.250472,2.493967,3.617731
2025-09-14 14:19:37,2.777524,-0.003706,6.290724,2.509894,3.641462
2025-09-14 14:19:38,2.794852,-0.003745,6.330016,2.525469,3.664666
2025-09-14 14:19:39,2.812582,-0.003847,6.370272,2.541143,3.688397
2025-09-14 14:19:40,2.830288,-0.003905,6.410508,2.557025,3.712122
2025-09-14 14:19:41,2.847926,-0.004000,6.450768,2.572885,3.735880
2025-09-14 14:19:42,2.865288,-0.004064,6.490066,2.588327,3.759105
2025-09-14 14:19:43,2.882938,-0.004125,6.530287,2.603731,3.782871
2025-09-14 14:19:44,2.900568,-0.004175,6.570602,2.619187,3.806604
2025-09-14 14:19:45,2.918543,-0.004253,6.611751,2.635046,3.830902
2025-09-14 14:19:46,2.936112,-0.004378,6.651928,2.650481,3.854645
2025-09-14 14:19:47,2.954243,-0.004423,6.693179,2.666066,3.878986
2025-09-14 14:19:48,2.972345,-0.004483,6.734351,2.681767,3.903331
2025-09-14 14:19:49,2.990019,-0.004531,6.774514,2.697183,3.927103
2025-09-14 14:19:50,3.007644,-0.004590,6.814781,2.712644,3.950882
2025-09-14 14:19:51,3.025265,-0.004706,6.854995,2.727980,3.974607
2025-09-14 14:19:52,3.043787,-0.004769,6.897187,2.744159,3.999482
2025-09-14 14:19:53,3.079642,-0.004915,6.978753,2.775224,4.047548
2025-09-14 14:19:54,3.152806,-0.005154,7.139738,2.836773,4.142623
2025-09-14 14:19:55,3.230961,-0.005411,7.317573,2.904893,4.247495
2025-09-14 14:19:56,3.309432,-0.005702,7.496218,2.973427,4.353116
2025-09-14 14:19:57,3.387953,-0.006045,7.675006,3.041825,4.458553
2025-09-14 14:19:58,3.465909,-0.006389,7.852717,3.109569,4.563433
2025-09-14 14:19:59,3.506945,-0.006546,7.946241,3.145405,4.618683
2025-09-14 14:20:00,3.542545,-0.006677,8.025780,3.175910,4.665643
2025-09-14 14:20:01,3.577599,-0.006812,8.105369,3.206308,4.712576
2025-09-14 14:20:02,3.612572,-0.006953,8.185054,3.236685,4.759508
2025-09-14 14:20:03,3.647620,-0.007058,8.264659,3.267023,4.806431
2025-09-14 14:20:04,3.682527,-0.007192,8.344164,3.297472,4.853418
2025-09-14 14:20:05,3.717474,-0.007371,8.423707,3.327663,4.900320
2025-09-14 14:20:06,3.752341,-0.007551,8.503317,3.358224,4.947255
2025-09-14 14:20:07,3.787235,-0.007672,8.582812,3.388508,4.994251
2025-09-14 14:20:08,3.822226,-0.007804,8.662570,3.418953,5.041194
2025-09-14 14:20:09,3.857155,-0.007969,8.742110,3.449382,5.088143
2025-09-14 14:20:10,3.892258,-0.008129,8.821729,3.479955,5.135156
2025-09-14 14:20:11,3.927168,-0.008204,8.901365,3.510318,5.182110
2025-09-14 14:20:12,3.962142,-0.008322,8.980924,3.540739,5.229072
2025-09-14 14:20:13,3.997097,-0.008461,9.060410,3.571181,5.276124
2025-09-14 14:20:14,4.032030,-0.008604,9.139897,3.601597,5.323122
2025-09-14 14:20:15,4.066937,-0.008715,9.219528,3.632064,5.370103
2025-09-14 14:20:16,4.101944,-0.008897,9.299087,3.662506,5.417090
2025-09-14 14:20:17,4.136850,-0.009018,9.378623,3.692838,5.464077
2025-09-14 14:20:18,4.171757,-0.009143,9.458082,3.723427,5.511041
2025-09-14 14:20:19,4.206763,-0.009227,9.537583,3.753782,5.558026
2025-09-14 14:20:20,4.241779,-0.009409,9.508082,3.784391,5.605002
2025-09-14 14:20:21,4.276721,-0.009518,9.587687,3.814827,5.651924
2025-09-14 14:20:22,4.311596,-0.009671,9.667150,3.845125,5.698871
2025-09-14 14:20:23,4.346504,-0.009864,9.746824,3.875670,5.745865
2025-09-14 14:20:24,4.381511,-0.010008,9.826339,3.905994,5.792875
2025-09-14 14:20:25,4.416523,-0.010189,9.905896,3.936465,5.839832
2025-09-14 14:20:26,4.451432,-0.010321,9.985552,3.967174,5.886791
2025-09-14 14:20:27,4.486465,-0.010489,10.065031,3.997411,5.933719
2025-09-14 14:20:28,4.521420,-0.010592,10.143703,4.027743,5.980702
2025-09-14 14:20:29,4.391942,-0.010728,10.223164,4.058161,6.027653
2025-09-14 14:20:30,4.426878,-0.010853,10.302633,4.088705,6.074586
2025-09-14 14:20:31,4.461883,-0.010967,10.382141,4.118956,6.121569
2025-09-14 14:20:32,4.496798,-0.011072,10.461713,4.149202,6.168563
2025-09-14 14:20:33,4.531681,-0.011218,10.541333,4.179766,6.215564
2025-09-14 14:20:34,4.566729,-0.011352,10.620910,4.210217,6.262508
2025-09-14 14:20:35,4.601669,-0.011479,10.700495,4.240729,6.309456
2025-09-14 14:20:36,4.636655,-0.011629,10.780093,4.271193,6.356441
2025-09-14 14:20:37,4.671477,-0.011781,10.859576,4.301712,6.403454
2025-09-14 14:20:38,4.706450,-0.011902,10.939125,4.332069,6.450427
2025-09-14 14:20:39,4.741383,-0.011964,11.018535,4.362558,6.497362
2025-09-14 14:20:40,4.776230,-0.012089,11.098182,4.392908,6.544325
2025-09-14 14:20:41,4.810840,-0.012207,11.176822,4.423053,6.590722
2025-09-14 14:20:42,4.845793,-0.012323,11.256292,4.453558,6.637639
2025-09-14 14:20:43,4.880764,-0.012457,11.335802,4.483925,6.684642
2025-09-14 14:20:44,4.915676,-0.012587,11.415473,4.514401,6.731648
2025-09-14 14:20:45,4.950578,-0.012725,11.495063,4.544982,6.778706
2025-09-14 14:20:46,4.985428,-0.012869,11.574626,4.575353,6.825651
2025-09-14 14:20:47,5.020794,-0.012994,11.655047,4.606077,6.873130
2025-09-14 14:20:48,5.055764,-0.013116,11.734604,4.636485,6.920097
2025-09-14 14:20:49,5.090722,-0.013219,11.814234,4.667003,6.967038
2025-09-14 14:20:50,5.125625,-0.013403,11.893831,4.697572,7.013968
2025-09-14 14:20:51,5.160226,-0.013508,11.972472,4.727593,7.060347
2025-09-14 14:20:52,5.195226,-0.013642,12.051884,4.758014,7.107329
2025-09-14 14:20:53,5.230239,-0.013783,12.131452,4.788272,7.154292
2025-09-14 14:20:54,5.265241,-0.013951,12.210986,4.818805,7.201225
2025-09-14 14:20:55,5.300293,-0.014109,12.290397,4.849256,7.248145
2025-09-14 14:20:56,5.335329,-0.014225,12.369957,4.879728,7.295056
2025-09-14 14:20:57,5.370337,-0.014395,12.449517,4.910153,7.342016
2025-09-14 14:20:58,5.405217,-0.014568,12.529053,4.940472,7.389023
2025-09-14 14:20:59,5.440023,-0.014691,12.608547,4.970833,7.435936
2025-09-14 14:21:00,5.475004,-0.014857,12.688173,5.001347,7.482861
2025-09-14 14:21:01,5.510006,-0.015027,12.767717,5.031769,7.529881
2025-09-14 14:21:02,5.545003,-0.015143,12.847325,5.062291,7.576822
2025-09-14 14:21:03,5.579914,-0.015319,12.926851,5.092705,7.623808
2025-09-14 14:21:04,5.614985,-0.015483,12.897297,5.123374,7.670748
2025-09-14 14:21:05,5.649942,-0.015598,12.976806,5.153655,7.717699
2025-09-14 14:21:06,5.684865,-0.015740,13.056398,5.184164,7.764671
2025-09-14 14:21:07,5.719773,-0.015914,13.135954,5.214580,7.811612
2025-09-14 14:21:08,5.754716,-0.016056,13.215578,5.244779,7.858595
2025-09-14 14:21:09,5.789787,-0.016220,13.295197,5.275048,7.905522
2025-09-14 14:21:10,5.824594,-0.016365,13.374661,5.305491,7.952473
2025-09-14 14:21:11,5.859350,-0.016572,13.454410,5.335772,7.999441
2025-09-14 14:21:12,5.894255,-0.016693,13.534044,5.366219,8.046389
2025-09-14 14:21:13,5.929324,-0.016847,13.613643,5.396632,8.093350
2025-09-14 14:21:14,5.964391,-0.016931,13.693147,5.427112,8.140301
2025-09-14 14:21:15,5.999310,-0.016993,13.772667,5.457564,8.187191
2025-09-14 14:21:16,6.034307,-0.017095,13.852301,5.488017,8.234149
2025-09-14 14:21:17,6.069291,-0.017247,13.931812,5.518200,8.281120
2025-09-14 14:21:18,6.104297,-0.017389,14.011397,5.548630,8.328090
2025-09-14 14:21:19,6.139247,-0.017511,14.090891,5.579161,8.375019
2025-09-14 14:21:20,6.174144,-0.017634,14.170576,5.609709,8.421957
2025-09-14 14:21:21,6.209166,-0.017727,14.250085,5.639963,8.468882
2025-09-14 14:21:22,6.244146,-0.017880,14.329663,5.670248,8.515834
2025-09-14 14:21:23,6.279141,-0.018041,14.409092,5.700692,8.562809
2025-09-14 14:21:24,6.314153,-0.018192,14.488675,5.731072,8.609679
2025-09-14 14:21:25,6.349084,-0.018307,14.568349,5.761253,8.656629
2025-09-14 14:21:26,6.384207,-0.018507,14.647829,5.791830,8.703632
2025-09-14 14:21:27,6.419306,-0.018671,14.727350,5.822228,8.750572
2025-09-14 14:21:28,6.454249,-0.018824,14.806885,5.852649,8.797499
2025-09-14 14:21:29,6.489388,-0.018922,14.886297,5.883136,8.844440
2025-09-14 14:21:30,6.524496,-0.019053,14.965843,5.913615,8.891372
2025-09-14 14:21:31,6.543139,-0.018965,15.036527,5.922439,8.911533
2025-09-14 14:21:32,6.558301,-0.019028,15.097746,5.926905,8.915790
2025-09-14 14:21:33,6.573421,-0.019128,15.159930,5.931624,8.920038
2025-09-14 14:21:34,6.588587,-0.019176,15.228474,5.936320,8.924235
2025-09-14 14:21:35,6.603733,-0.019215,15.297060,5.940983,8.928427
2025-09-14 14:21:36,6.618968,-0.019285,15.365591,5.945686,8.932637
2025-09-14 14:21:37,6.634074,-0.019335,15.433787,5.950237,8.936818
2025-09-14 14:21:38,6.649299,-0.019395,15.501584,5.954720,8.940956
2025-09-14 14:21:39,6.664404,-0.019461,15.569344,5.959555,8.945182
2025-09-14 14:21:40,6.679440,-0.019526,15.636896,5.964245,8.949340
2025-09-14 14:21:41,6.694645,-0.019599,15.704764,5.968848,8.953533
2025-09-14 14:21:42,6.709807,-0.019608,15.773223,5.973561,8.957718
2025-09-14 14:21:43,6.724776,-0.019618,15.840919,5.978213,8.961910
2025-09-14 14:21:44,6.740017,-0.019683,15.908743,5.983045,8.966109
2025-09-14 14:21:45,6.755138,-0.019727,15.976314,5.987758,8.970255
2025-09-14 14:21:47,6.770373,-0.019815,16.044891,5.992418,8.974461
2025-09-14 14:21:48,6.785489,-0.019865,16.112749,5.997074,8.978602
2025-09-14 14:21:49,6.800508,-0.019877,16.180660,6.001664,8.982749
2025-09-14 14:21:50,6.815568,-0.019909,16.248487,6.006204,8.986918
2025-09-14 14:21:51,6.830789,-0.020025,16.316298,6.010952,8.991110
2025-09-14 14:21:52,6.845964,-0.020118,16.384255,6.015730,8.995289
2025-09-14 14:21:53,6.860976,-0.020184,16.451723,6.020293,8.999480
2025-09-14 14:21:54,6.876086,-0.020215,16.519563,6.024837,9.003696
2025-09-14 14:21:55,6.891201,-0.020297,16.587287,6.029551,9.007926
2025-09-14 14:21:56,6.906346,-0.020332,16.655070,6.034086,9.012113
2025-09-14 14:21:57,6.921315,-0.020366,16.717978,6.038756,9.016228
2025-09-14 14:21:58,6.936507,-0.020416,16.779732,6.043311,9.020376
2025-09-14 14:21:59,6.951551,-0.020445,16.841204,6.047892,9.024553
2025-09-14 14:22:00,6.966571,-0.020493,16.902705,6.052482,9.028722
2025-09-14 14:22:01,6.981690,-0.020522,16.964150,6.057050,9.032947
2025-09-14 14:22:02,6.996664,-0.020570,17.025773,6.061696,9.037067
2025-09-14 14:22:03,7.011764,-0.020572,17.087288,6.066108,9.041307
2025-09-14 14:22:04,7.026785,-0.020607,17.148856,6.070659,9.045477
2025-09-14 14:22:05,7.041921,-0.020679,17.210450,6.075295,9.049628
2025-09-14 14:22:06,7.056985,-0.020718,17.271911,6.079951,9.053848
2025-09-14 14:22:07,7.071976,-0.020763,17.333408,6.084434,9.057963
2025-09-14 14:22:08,7.087151,-0.020796,17.395134,6.089041,9.062127
2025-09-14 14:22:09,7.102312,-0.020836,17.456805,6.093560,9.066331
2025-09-14 14:22:10,7.117362,-0.020936,17.518429,6.098186,9.070507
2025-09-14 14:22:11,7.132387,-0.020973,17.580141,6.102871,9.074711
2025-09-14 14:22:12,7.147488,-0.021059,17.641850,6.107251,9.078875
2025-09-14 14:22:13,7.162633,-0.021102,17.703374,6.111849,9.083038
2025-09-14 14:22:14,7.177658,-0.021134,17.764914,6.116405,9.087206
2025-09-14 14:22:15,7.192718,-0.021177,17.826506,6.120781,9.091434
2025-09-14 14:22:16,7.207819,-0.021214,17.888051,6.125258,9.095620
2025-09-14 14:22:17,7.222889,-0.021285,17.949713,6.129887,9.099813
2025-09-14 14:22:18,7.237949,-0.021382,18.011330,6.134354,9.103966
2025-09-14 14:22:19,7.253015,-0.021371,18.072794,6.139025,9.108129
2025-09-14 14:22:20,7.268265,-0.021414,18.135107,6.143483,9.112333
2025-09-14 14:22:21,7.283311,-0.021441,18.196597,6.147805,9.116550
2025-09-14 14:22:22,7.298416,-0.021480,18.258137,6.152527,9.120706
2025-09-14 14:22:23,7.313552,-0.021505,18.319550,6.156929,9.124857
2025-09-14 14:22:24,7.329375,-0.021569,18.384204,6.161677,9.129202
2025-09-14 14:22:25,7.344470,-0.021666,18.445648,6.166050,9.133382
2025-09-14 14:22:26,7.359716,-0.021696,18.507105,6.170388,9.137511
2025-09-14 14:22:27,7.374947,-0.021717,18.568521,6.175000,9.141619
2025-09-14 14:22:28,7.390043,-0.021764,18.629814,6.179691,9.145783
2025-09-14 14:22:29,7.405019,-0.021833,18.690743,6.183903,9.149951
2025-09-14 14:22:30,7.420069,-0.021892,18.752347,6.188479,9.154122
2025-09-14 14:22:31,7.435153,-0.021910,18.813866,6.193120,9.158317
2025-09-14 14:22:32,7.450253,-0.021994,18.875560,6.197742,9.162469
2025-09-14 14:22:33,7.465309,-0.022053,18.937256,6.202161,9.166655
2025-09-14 14:22:34,7.480350,-0.022092,18.998698,6.206843,9.170825
2025-09-14 14:22:35,7.495441,-0.022126,19.060373,6.211255,9.175033
2025-09-14 14:22:36,7.510430,-0.022258,19.121226,6.215788,9.179180
2025-09-14 14:22:37,7.525575,-0.022310,19.182747,6.220168,9.183328
2025-09-14 14:22:38,7.540373,-0.022370,19.244273,6.224916,9.187493
2025-09-14 14:22:39,7.555444,-0.022424,19.305695,6.229205,9.191622
2025-09-14 14:22:40,7.570593,-0.022508,19.367229,6.233697,9.195789
2025-09-14 14:22:41,7.585588,-0.022517,19.428719,6.238233,9.199885
2025-09-14 14:22:42,7.600646,-0.022545,19.490273,6.242820,9.204065
2025-09-14 14:22:43,7.615801,-0.022549,19.551710,6.247378,9.208220
2025-09-14 14:22:44,7.630877,-0.022604,19.613243,6.251888,9.212365
2025-09-14 14:22:45,7.645852,-0.022677,19.674826,6.256385,9.216574
2025-09-14 14:22:46,7.660992,-0.022704,19.736607,6.260876,9.220701
2025-09-14 14:22:47,7.676112,-0.022722,19.798357,6.265390,9.224856
2025-09-14 14:22:48,7.691282,-0.022804,19.859724,6.269766,9.229071
2025-09-14 14:22:49,7.706363,-0.022867,19.921156,6.274240,9.233233
2025-09-14 14:22:50,7.721548,-0.022911,19.982704,6.278671,9.237393
2025-09-14 14:22:51,7.736623,-0.023006,20.044270,6.283245,9.241529
2025-09-14 14:22:52,7.751633,-0.023074,20.105849,6.287659,9.245668
2025-09-14 14:22:53,7.766813,-0.023133,20.167555,6.292251,9.249862
2025-09-14 14:22:54,7.781968,-0.023150,20.229056,6.296743,9.254023
2025-09-14 14:22:55,7.797028,-0.023192,20.290518,6.301303,9.258204
2025-09-14 14:22:56,7.812113,-0.023202,20.352101,6.305731,9.262352
2025-09-14 14:22:57,7.827153,-0.023241,20.413720,6.310145,9.266539
2025-09-14 14:22:58,7.842147,-0.023290,20.475219,6.314730,9.270730
2025-09-14 14:22:59,7.857293,-0.023349,20.536762,6.319156,9.274872
2025-09-14 14:23:00,7.872329,-0.023425,20.598521,6.323550,9.279037
2025-09-14 14:23:01,7.887454,-0.023463,20.660133,6.328080,9.283207
2025-09-14 14:23:02,7.902499,-0.023552,20.721705,6.332626,9.287333
2025-09-14 14:23:03,7.917535,-0.023493,20.783313,6.337073,9.291478
2025-09-14 14:23:04,7.932565,-0.023482,20.844906,6.341592,9.295657
2025-09-14 14:23:05,7.947559,-0.023529,20.906577,6.346087,9.299871
2025-09-14 14:23:06,7.962670,-0.023580,20.968249,6.350504,9.304060
2025-09-14 14:23:07,7.978147,-0.023664,21.029824,6.355043,9.308247
2025-09-14 14:23:08,7.993267,-0.023705,21.091555,6.359422,9.312417
2025-09-14 14:23:09,8.008364,-0.023679,21.152880,6.364117,9.316595
2025-09-14 14:23:10,8.023510,-0.023771,21.214387,6.368366,9.320745
2025-09-14 14:23:11,8.038631,-0.023859,21.275795,6.372900,9.324935
2025-09-14 14:23:12,8.053666,-0.023943,21.337247,6.377480,9.329077
2025-09-14 14:23:13,8.068686,-0.024003,21.398624,6.381978,9.333217
2025-09-14 14:23:14,8.083776,-0.024060,21.459976,6.386529,9.337384
2025-09-14 14:23:15,8.098701,-0.024112,21.521377,6.390862,9.341497
2025-09-14 14:23:16,8.113830,-0.024160,21.582860,6.395183,9.345658
2025-09-14 14:23:17,8.128925,-0.024244,21.644290,6.399417,9.349856
2025-09-14 14:23:18,8.143929,-0.024314,21.705471,6.403601,9.353938
2025-09-14 14:23:19,8.158913,-0.024328,21.767050,6.408099,9.358099
2025-09-14 14:23:20,8.173968,-0.024344,21.828680,6.412625,9.362208
2025-09-14 14:23:21,8.189098,-0.024385,21.889815,6.417198,9.373752
2025-09-14 14:23:22,8.204124,-0.024439,21.951288,6.421543,9.377873
2025-09-14 14:23:23,8.219309,-0.024557,22.012829,6.426187,9.382008
2025-09-14 14:23:24,8.234514,-0.024576,22.074262,6.430763,9.386181
2025-09-14 14:23:25,8.249699,-0.024567,22.135636,6.435390,9.390389
2025-09-14 14:23:26,8.264729,-0.024615,22.197076,6.442160,9.394567
2025-09-14 14:23:27,8.279819,-0.024607,22.258392,6.446718,9.398732
2025-09-14 14:23:28,8.294940,-0.024614,22.319789,6.451074,9.402844
2025-09-14 14:23:29,8.310087,-0.024674,22.381332,6.455369,9.406992
2025-09-14 14:23:30,8.325087,-0.024733,22.442660,6.459655,9.411231
2025-09-14 14:23:31,8.340076,-0.024732,22.504083,6.464292,9.415441
2025-09-14 14:23:32,8.355141,-0.024769,22.565635,6.468748,9.419620
2025-09-14 14:23:33,8.370205,-0.024842,22.627107,6.473226,9.423758
2025-09-14 14:23:34,8.385145,-0.024871,22.688490,6.477742,9.427931
2025-09-14 14:23:35,8.400200,-0.024933,22.749954,6.482413,9.432119
2025-09-14 14:23:36,8.415261,-0.025021,22.811377,6.487060,9.436241
2025-09-14 14:23:37,8.430261,-0.025128,22.872129,6.491550,9.440352
2025-09-14 14:23:38,8.445367,-0.025151,22.933353,6.495934,9.444507
2025-09-14 14:23:39,8.460437,-0.025247,22.994790,6.500580,9.448650
2025-09-14 14:23:40,8.475548,-0.025253,23.056305,6.505083,9.452853
2025-09-14 14:23:41,8.490477,-0.025319,23.117902,6.509608,9.457013
2025-09-14 14:23:42,8.505623,-0.025433,23.179417,6.514139,9.461172
2025-09-14 14:23:43,8.520613,-0.025467,23.240983,6.518743,9.465324
2025-09-14 14:23:44,8.535638,-0.025551,23.302638,6.523253,9.469503
2025-09-14 14:23:45,8.550622,-0.025593,23.364077,6.527771,9.473640
2025-09-14 14:23:46,8.565728,-0.025645,23.425470,6.532256,9.477713
2025-09-14 14:23:47,8.580854,-0.025672,23.487154,6.536829,9.481875
2025-09-14 14:23:48,8.595978,-0.025763,23.548526,6.541295,9.486045
2025-09-14 14:23:49,8.611043,-0.025800,23.610079,6.545708,9.490213
2025-09-14 14:23:50,8.626163,-0.025938,23.671426,6.550216,9.494354
2025-09-14 14:23:51,8.641243,-0.025959,23.733012,6.554725,9.498566
2025-09-14 14:23:52,8.656313,-0.026059,23.794692,6.559097,9.502751
2025-09-14 14:23:53,8.671418,-0.026115,23.856376,6.563653,9.506916
2025-09-14 14:23:54,8.686618,-0.026134,23.917880,6.568097,9.511078
2025-09-14 14:23:55,8.701553,-0.026188,23.979301,6.572603,9.515207
2025-09-14 14:23:56,8.716800,-0.026272,24.040828,6.577038,9.519381
2025-09-14 14:23:57,8.731925,-0.026297,24.102195,6.581552,9.523499
2025-09-14 14:23:58,8.747001,-0.026345,24.163689,6.586630,9.527682
2025-09-14 14:23:59,8.762040,-0.026439,24.225323,6.591017,9.531852
2025-09-14 14:24:00,8.777280,-0.026491,24.286944,6.595669,9.536026
2025-09-14 14:24:01,8.792245,-0.026541,24.348752,6.600176,9.540155
2025-09-14 14:24:02,8.807310,-0.026611,24.410259,6.604657,9.544302
2025-09-14 14:24:03,8.822575,-0.026645,24.471619,6.609188,9.548492
2025-09-14 14:24:04,8.837651,-0.026712,24.533086,6.613683,9.552616
2025-09-14 14:24:05,8.852796,-0.026780,24.594678,6.618177,9.556797
2025-09-14 14:24:06,8.867946,-0.026807,24.656322,6.622737,9.560944
2025-09-14 14:24:07,8.883027,-0.026851,24.719488,6.627009,9.565126
2025-09-14 14:24:08,8.898057,-0.026921,24.781047,6.631478,9.569287
2025-09-14 14:24:09,8.913132,-0.026966,24.842636,6.636021,9.573467
2025-09-14 14:24:10,8.928182,-0.027057,24.904149,6.640630,9.577604
2025-09-14 14:24:11,8.943176,-0.027078,24.965624,6.645260,9.581771
2025-09-14 14:24:12,8.958301,-0.027162,25.027145,6.649701,9.585985
2025-09-14 14:24:13,8.973296,-0.027219,25.088910,6.654058,9.590117
2025-09-14 14:24:14,8.988046,-0.027278,25.149798,6.658378,9.594222
2025-09-14 14:24:15,9.003256,-0.027344,25.211127,6.662941,9.598410
2025-09-14 14:24:16,9.018382,-0.027412,25.272749,6.667415,9.602581
2025-09-14 14:24:17,9.033462,-0.027456,25.334402,6.671794,9.606736
2025-09-14 14:24:18,9.048674,-0.027538,25.395842,6.676186,9.610893
2025-09-14 14:24:19,9.063869,-0.027540,25.457175,6.680563,9.615091
2025-09-14 14:24:20,9.078959,-0.027544,25.518666,6.685156,9.619225
2025-09-14 14:24:21,9.094105,-0.027622,25.580316,6.689759,9.623363
2025-09-14 14:24:22,9.109200,-0.027626,25.642074,6.694364,9.627543
2025-09-14 14:24:23,9.124365,-0.027649,25.703699,6.698789,9.631699
2025-09-14 14:24:24,9.139484,-0.027744,25.765154,6.703346,9.635855
2025-09-14 14:24:25,9.154696,-0.027808,25.826688,6.707790,9.640016
2025-09-14 14:24:26,9.169781,-0.027904,25.888405,6.712271,9.644184
2025-09-14 14:24:27,9.184852,-0.027979,25.949943,6.716774,9.648379
2025-09-14 14:24:28,9.199873,-0.028049,26.011511,6.721348,9.652569
2025-09-14 14:24:29,9.214973,-0.028031,26.073023,6.725870,9.656768
2025-09-14 14:24:30,9.230012,-0.028033,26.134590,6.730380,9.660831
2025-09-14 14:24:31,9.245198,-0.028075,26.196105,6.734860,9.665028
2025-09-14 14:24:32,9.260223,-0.028211,26.257422,6.739352,9.669256
2025-09-14 14:24:33,9.275172,-0.028279,26.318989,6.743784,9.673424
2025-09-14 14:24:34,9.290342,-0.028374,26.380475,6.748255,9.677571
2025-09-14 14:24:35,9.305361,-0.028436,26.441838,6.752860,9.681756
2025-09-14 14:24:36,9.320487,-0.028466,26.503362,6.757280,9.685910
2025-09-14 14:24:37,9.335508,-0.028532,26.564790,6.761789,9.690092
2025-09-14 14:24:38,9.350668,-0.028484,26.626279,6.766215,9.694268
2025-09-14 14:24:39,9.365734,-0.028573,26.687817,6.770682,9.698439
2025-09-14 14:24:40,9.380940,-0.028613,26.749256,6.775173,9.702585
2025-09-14 14:24:41,9.395915,-0.028588,26.810842,6.779671,9.706744
2025-09-14 14:24:42,9.410940,-0.028695,26.872392,6.784114,9.710880
2025-09-14 14:24:43,9.426075,-0.028673,26.934090,6.788578,9.715002
2025-09-14 14:24:44,9.441130,-0.028721,26.995436,6.793102,9.719159
2025-09-14 14:24:45,9.456266,-0.028802,27.057141,6.797618,9.723314
2025-09-14 14:24:46,9.471341,-0.028875,27.118823,6.802241,9.727538
2025-09-14 14:24:47,9.486511,-0.028941,27.180385,6.806756,9.731752
2025-09-14 14:24:48,9.501541,-0.029043,27.241909,6.811046,9.735944
2025-09-14 14:24:49,9.516656,-0.029019,27.303380,6.815476,9.740151
2025-09-14 14:24:50,9.531746,-0.029050,27.364766,6.819896,9.744337
2025-09-14 14:24:51,9.546956,-0.029070,27.426315,6.824352,9.748549
2025-09-14 14:24:52,9.562027,-0.029075,27.487718,6.828894,9.752706
2025-09-14 14:24:53,9.577188,-0.029125,27.549103,6.833310,9.756917
2025-09-14 14:24:54,9.592213,-0.029128,27.610665,6.837746,9.761094
2025-09-14 14:24:55,9.607285,-0.029135,27.672113,6.842264,9.765274
2025-09-14 14:24:56,9.622406,-0.029112,27.733635,6.846698,9.769409
2025-09-14 14:24:57,9.637471,-0.029094,27.795116,6.851132,9.773572
2025-09-14 14:24:58,9.652578,-0.029109,27.856750,6.855557,9.777766
2025-09-14 14:24:59,9.667662,-0.029111,27.918209,6.860100,9.781973
2025-09-14 14:25:00,9.682812,-0.029177,27.979565,6.864477,9.786178
2025-09-14 14:25:01,9.697839,-0.029232,28.041130,6.868793,9.790336
2025-09-14 14:25:02,9.712825,-0.029280,28.102657,6.873277,9.794512
2025-09-14 14:25:03,9.727774,-0.029369,28.164018,6.877773,9.798719
2025-09-14 14:25:04,9.742979,-0.029439,28.225691,6.882158,9.802827
2025-09-14 14:25:05,9.758226,-0.029598,28.286984,6.886570,9.807031
2025-09-14 14:25:06,9.773346,-0.029665,28.348358,6.890970,9.811229
2025-09-14 14:25:07,9.788587,-0.029733,28.409946,6.895399,9.815412
2025-09-14 14:25:08,9.803592,-0.029794,28.471499,6.899829,9.819636
2025-09-14 14:25:09,9.818711,-0.029881,28.532926,6.904328,9.823766
2025-09-14 14:25:10,9.833731,-0.029908,28.594452,6.908827,9.828023
2025-09-14 14:25:11,9.848641,-0.029896,28.656727,6.913249,9.832197
2025-09-14 14:25:12,9.863756,-0.029912,28.718102,6.917860,9.836320
2025-09-14 14:25:13,9.878956,-0.029958,28.779307,6.922290,9.840486
2025-09-14 14:25:14,9.894067,-0.030038,28.840695,6.926675,9.844704
2025-09-14 14:25:15,9.910337,-0.030069,28.901931,6.930995,9.848868
2025-09-14 14:25:16,9.925336,-0.030131,28.963301,6.935581,9.853097
2025-09-14 14:25:17,9.945635,-0.030185,29.024896,6.939993,9.857253
2025-09-14 14:25:18,9.960645,-0.030272,29.086153,6.944524,9.861388
2025-09-14 14:25:19,9.975639,-0.030336,29.147657,6.948960,9.865603
2025-09-14 14:25:20,9.990905,-0.030369,29.209156,6.953473,9.869751
2025-09-14 14:25:21,10.006106,-0.030370,29.270552,6.957930,9.873953
2025-09-14 14:25:22,10.021145,-0.030331,29.331940,6.962490,9.878115
2025-09-14 14:25:23,10.036271,-0.030377,29.393380,6.966970,9.882298
2025-09-14 14:25:24,10.051392,-0.030365,29.454844,6.971224,9.886469
2025-09-14 14:25:25,10.066507,-0.030418,29.516252,6.975833,9.890612
2025-09-14 14:25:26,10.081628,-0.030517,29.577670,6.980558,9.894746
2025-09-14 14:25:27,10.096618,-0.030631,29.639092,6.985206,9.898940
2025-09-14 14:25:28,10.111658,-0.030693,29.700531,6.989801,9.903091
2025-09-14 14:25:29,10.126825,-0.030750,29.762247,6.994164,9.907253
2025-09-14 14:25:30,10.141980,-0.030804,29.823777,6.998836,9.911408
2025-09-14 14:25:31,10.157020,-0.030811,29.885094,7.003447,9.915643
2025-09-14 14:25:32,10.172191,-0.030836,29.946658,7.007954,9.919825
2025-09-14 14:25:33,10.187176,-0.030881,30.008213,7.012502,9.924037
2025-09-14 14:25:34,10.202261,-0.030920,30.069595,7.016947,9.928175
2025-09-14 14:25:35,10.217407,-0.031006,30.130977,7.021341,9.932330
2025-09-14 14:25:36,10.232452,-0.031032,30.192563,7.025893,9.936477
2025-09-14 14:25:37,10.247528,-0.031105,30.254092,7.030390,9.940659
2025-09-14 14:25:38,10.262743,-0.031116,30.315467,7.034834,9.944834
2025-09-14 14:25:39,10.277868,-0.031186,30.376938,7.039455,9.949002
2025-09-14 14:25:40,10.292924,-0.031305,30.438468,7.043810,9.953240
2025-09-14 14:25:41,10.307929,-0.031307,30.499834,7.048272,9.957445
2025-09-14 14:25:42,10.323076,-0.031377,30.561101,7.052666,9.961622
2025-09-14 14:25:43,10.337934,-0.031446,30.622652,7.056993,9.965831
2025-09-14 14:25:44,10.352995,-0.031461,30.684116,7.061430,9.970002
2025-09-14 14:25:45,10.367971,-0.031478,30.745651,7.066016,9.974165
2025-09-14 14:25:46,10.382915,-0.031480,30.806911,7.070604,9.978327
2025-09-14 14:25:47,10.398021,-0.031559,30.868436,7.075050,9.982563
2025-09-14 14:25:48,10.413157,-0.031623,30.929487,7.079413,9.986739
2025-09-14 14:25:49,10.428267,-0.031684,30.990431,7.083750,9.990873
2025-09-14 14:25:50,10.442684,-0.031505,31.052825,7.090257,9.995453
2025-09-14 14:25:51,10.457715,-0.030950,31.123166,7.094490,10.001343
2025-09-14 14:25:52,10.472765,-0.030517,31.193262,7.098469,10.007300
2025-09-14 14:25:53,10.487865,-0.030115,31.263383,7.102548,10.013216
2025-09-14 14:25:54,10.502954,-0.029649,31.333305,7.106727,10.019115
2025-09-14 14:25:55,10.518002,-0.029310,31.403257,7.110673,10.025044
2025-09-14 14:25:56,10.533067,-0.028937,31.473369,7.114992,10.030970
2025-09-14 14:25:57,10.548147,-0.028507,31.543391,7.118968,10.036865
2025-09-14 14:25:58,10.586785,-0.028352,31.625939,7.134636,10.058655
2025-09-14 14:25:59,10.622198,-0.028506,31.711302,7.168335,10.105813
2025-09-14 14:26:00,10.657101,-0.028647,31.796372,7.201865,10.152990
2025-09-14 14:26:01,10.692049,-0.028821,31.875992,7.234189,10.200089
2025-09-14 14:26:02,10.727098,-0.028861,31.955479,7.266620,10.247238
2025-09-14 14:26:03,10.764256,-0.029000,32.039859,7.300907,10.297147
2025-09-14 14:26:04,10.803935,-0.029230,32.129747,7.337433,10.350435
2025-09-14 14:26:05,10.843868,-0.029441,32.220515,7.374451,10.404314
2025-09-14 14:26:06,10.883022,-0.029546,32.310354,7.411153,10.457634
2025-09-14 14:26:07,10.923059,-0.029639,32.401149,7.448353,10.511465
2025-09-14 14:26:08,10.953972,-0.029739,32.471526,7.477015,10.553133
2025-09-14 14:26:09,10.972074,-0.029796,32.513665,7.494330,10.578121
2025-09-14 14:26:10,10.989808,-0.029917,32.553903,7.510792,10.602011
2025-09-14 14:26:11,11.007135,-0.030035,32.593269,7.526885,10.625299
2025-09-14 14:26:12,11.024417,-0.030112,32.632636,7.543007,10.648630
2025-09-14 14:26:13,11.041289,-0.030169,32.671071,7.558713,10.671394
2025-09-14 14:26:14,11.059032,-0.030224,32.711272,7.575132,10.695251
2025-09-14 14:26:15,11.076274,-0.030270,32.750704,7.591185,10.718581
2025-09-14 14:26:16,11.093500,-0.030345,32.790139,7.607247,10.741901
2025-09-14 14:26:18,11.111561,-0.030451,32.831288,7.624099,10.766323
2025-09-14 14:26:19,11.128870,-0.030515,32.870739,7.640262,10.789638
2025-09-14 14:26:20,11.145705,-0.030586,32.909140,7.656024,10.812359
2025-09-14 14:26:21,11.163797,-0.030670,32.950296,7.672891,10.836758
2025-09-14 14:26:22,11.180757,-0.030775,32.988718,7.688640,10.859512
2025-09-14 14:26:23,11.198065,-0.030870,33.028003,7.704773,10.882819
2025-09-14 14:26:24,11.215424,-0.030950,33.067398,7.720888,10.906103
2025-09-14 14:26:25,11.233583,-0.031002,33.108583,7.737925,10.930559
2025-09-14 14:26:26,11.251662,-0.031082,33.149751,7.754862,10.954991
2025-09-14 14:26:27,11.269421,-0.031111,33.189986,7.771463,10.978839
2025-09-14 14:26:28,11.287558,-0.031189,33.231149,7.788244,11.003264
2025-09-14 14:26:29,11.305785,-0.031280,33.272395,7.804601,11.027683
2025-09-14 14:26:30,11.323904,-0.031338,33.313591,7.821405,11.052030
2025-09-14 14:26:31,11.341561,-0.031468,33.353905,7.837960,11.075887
2025-09-14 14:26:32,11.359597,-0.031536,33.395098,7.854801,11.100257
2025-09-14 14:26:33,11.377287,-0.031657,33.435453,7.871513,11.124082
2025-09-14 14:26:34,11.394561,-0.031705,33.474762,7.887606,11.147310
2025-09-14 14:26:35,11.412179,-0.031818,33.515103,7.904098,11.171202
2025-09-14 14:26:36,11.429901,-0.031887,33.555373,7.920528,11.195095
2025-09-14 14:26:37,11.447600,-0.031987,33.595660,7.937036,11.218973
2025-09-14 14:26:38,11.465739,-0.032044,33.636897,7.953866,11.243385
2025-09-14 14:26:39,11.483402,-0.032144,33.677156,7.970329,11.266681
2025-09-14 14:26:40,11.500680,-0.032215,33.716555,7.986389,11.289993
2025-09-14 14:26:41,11.518369,-0.032273,33.756910,8.002842,11.313895
2025-09-14 14:26:42,11.536037,-0.032328,33.797201,8.019322,11.337768
2025-09-14 14:26:43,11.553766,-0.032387,33.837476,8.035826,11.361627
2025-09-14 14:26:44,11.570934,-0.032446,33.876795,8.051896,11.384916
2025-09-14 14:26:45,11.588322,-0.032512,33.916227,8.067949,11.408221
2025-09-14 14:26:46,11.606041,-0.032540,33.956589,8.084525,11.432080
2025-09-14 14:26:47,11.623405,-0.032637,33.995977,8.100760,11.455378
2025-09-14 14:26:48,11.641536,-0.032753,34.037235,8.117669,11.479776
2025-09-14 14:26:49,11.658753,-0.032790,34.076544,8.133674,11.503054
2025-09-14 14:26:50,11.676095,-0.032867,34.115894,8.149917,11.526368
2025-09-14 14:26:51,11.693820,-0.032897,34.156232,8.166332,11.550183
2025-09-14 14:26:52,11.711434,-0.032974,34.196547,8.182912,11.573999
2025-09-14 14:26:53,11.729153,-0.033011,34.236924,8.199492,11.597855
2025-09-14 14:26:54,11.746435,-0.033049,34.276280,8.215736,11.621158
2025-09-14 14:26:55,11.764465,-0.033106,34.317452,8.232585,11.645570
2025-09-14 14:26:56,11.782584,-0.033190,34.358747,8.249557,11.669984
2025-09-14 14:26:57,11.799811,-0.033229,34.398090,8.265685,11.693304
2025-09-14 14:26:58,11.817084,-0.033306,34.437489,8.281797,11.716626
2025-09-14 14:26:59,11.834802,-0.033408,34.477809,8.298223,11.740489
2025-09-14 14:27:00,11.852543,-0.033454,34.518056,8.314720,11.764340
2025-09-14 14:27:01,11.870634,-0.033507,34.559362,8.331633,11.788732
2025-09-14 14:27:02,11.888674,-0.033593,34.600642,8.348547,11.813114
2025-09-14 14:27:03,11.906298,-0.033718,34.640952,8.365050,11.836954
2025-09-14 14:27:04,11.924443,-0.033777,34.682201,8.381823,11.861339
2025-09-14 14:27:05,11.942118,-0.033837,34.722454,8.398280,11.885188
2025-09-14 14:27:06,11.959305,-0.033950,34.761794,8.414257,11.908469
2025-09-14 14:27:07,11.976651,-0.034021,34.801137,8.430435,11.931788
2025-09-14 14:27:08,11.994371,-0.034105,34.841439,8.447055,11.955623
2025-09-14 14:27:09,12.012004,-0.034155,34.881782,8.463642,11.979457
2025-09-14 14:27:10,12.029341,-0.034200,34.921164,8.479739,12.002782
2025-09-14 14:27:11,12.047060,-0.034300,34.961375,8.495740,12.026654
2025-09-14 14:27:12,12.065084,-0.034353,35.002653,8.511981,12.051087
2025-09-14 14:27:13,12.083207,-0.034400,35.043915,8.528197,12.075545
2025-09-14 14:27:14,12.100494,-0.034475,35.083275,8.543899,12.098882
2025-09-14 14:27:15,12.117774,-0.034517,35.122601,8.559434,12.122162
2025-09-14 14:27:16,12.135417,-0.034591,35.162946,8.575482,12.146015
2025-09-14 14:27:17,12.152925,-0.034660,35.203188,8.591256,12.169863
2025-09-14 14:27:18,12.170533,-0.034737,35.243514,8.607144,12.193760
2025-09-14 14:27:19,12.188206,-0.034830,35.283825,8.623003,12.217613
2025-09-14 14:27:20,12.206232,-0.034889,35.325086,8.639360,12.242031
2025-09-14 14:27:21,12.224263,-0.034962,35.366353,8.655562,12.266476
2025-09-14 14:27:22,12.242332,-0.035017,35.407579,8.671800,12.290883
2025-09-14 14:27:23,12.259991,-0.035105,35.447856,8.687786,12.314768
2025-09-14 14:27:24,12.277654,-0.035180,35.488193,8.703673,12.338601
2025-09-14 14:27:25,12.295780,-0.035248,35.529366,8.719986,12.363063
2025-09-14 14:27:26,12.313424,-0.035299,35.569649,8.735927,12.386913
2025-09-14 14:27:27,12.331395,-0.035360,35.610893,8.752236,12.411344
2025-09-14 14:27:28,12.348729,-0.035444,35.650316,8.767736,12.434680
2025-09-14 14:27:29,12.366011,-0.035501,35.689677,8.783380,12.457947
2025-09-14 14:27:30,12.383254,-0.035594,35.729076,8.798863,12.481237
2025-09-14 14:27:31,12.401333,-0.035681,35.770291,8.815079,12.505606
2025-09-14 14:27:32,12.419030,-0.035772,35.810546,8.831084,12.529463
2025-09-14 14:27:33,12.436327,-0.035815,35.849969,8.846600,12.552733
2025-09-14 14:27:34,12.453124,-0.035906,35.888383,8.861913,12.575469
2025-09-14 14:27:35,12.470386,-0.035976,35.927738,8.877488,12.598757
2025-09-14 14:27:36,12.487603,-0.036029,35.967118,8.892956,12.622016
2025-09-14 14:27:37,12.504519,-0.036063,36.005463,8.908189,12.644786
2025-09-14 14:27:38,12.521423,-0.036165,36.043852,8.923295,12.667543
2025-09-14 14:27:39,12.538673,-0.036238,36.083242,8.938932,12.690825
2025-09-14 14:27:40,12.556795,-0.036309,36.124409,8.955210,12.715223
2025-09-14 14:27:41,12.574875,-0.036381,36.165626,8.971491,12.739638
2025-09-14 14:27:43,12.592655,-0.036432,36.205899,8.987406,12.763467
2025-09-14 14:27:44,12.610384,-0.036534,36.246186,9.011659,12.787324
2025-09-14 14:27:45,12.627607,-0.036609,36.285597,9.027159,12.810619
2025-09-14 14:27:46,12.644403,-0.036711,36.324035,9.042441,12.833374
2025-09-14 14:27:47,12.661286,-0.036754,36.362452,9.057741,12.856093
2025-09-14 14:27:48,12.678563,-0.036793,36.401738,9.073268,12.879404
2025-09-14 14:27:49,12.696591,-0.036864,36.442977,9.089624,12.903837
2025-09-14 14:27:50,12.714657,-0.036939,36.484163,9.105900,12.928265
2025-09-14 14:27:51,12.732777,-0.037016,36.525450,9.122312,12.952675
2025-09-14 14:27:52,12.750016,-0.037085,36.564848,9.137851,12.975981
2025-09-14 14:27:53,12.767330,-0.037127,36.604169,9.153373,12.999289
2025-09-14 14:27:54,12.784172,-0.037235,36.642549,9.168698,13.022021
2025-09-14 14:27:55,12.801379,-0.037275,36.681859,9.184226,13.045309
2025-09-14 14:27:56,12.819032,-0.037323,36.722182,9.200182,13.069209
2025-09-14 14:27:57,12.836745,-0.037384,36.762409,9.216150,13.092485
2025-09-14 14:27:58,12.854409,-0.037489,36.802643,9.231991,13.116316
2025-09-14 14:27:59,12.872459,-0.037528,36.843922,9.248369,13.140737
2025-09-14 14:28:00,12.890548,-0.037614,36.885205,9.264581,13.165140
2025-09-14 14:28:01,12.908158,-0.037673,36.925459,9.280652,13.188969
2025-09-14 14:28:02,12.925703,-0.037728,36.965805,9.296653,13.212818
2025-09-14 14:28:03,12.942896,-0.037789,37.005140,9.312184,13.236119
2025-09-14 14:28:04,12.960049,-0.037858,37.044633,9.327764,13.259415
2025-09-14 14:28:05,12.977753,-0.037928,37.084909,9.343572,13.283295
2025-09-14 14:28:06,12.995803,-0.037992,37.126092,9.359937,13.307715
2025-09-14 14:28:07,13.013878,-0.038106,37.166408,9.376264,13.332135
2025-09-14 14:28:08,13.031959,-0.038151,37.207616,9.392496,13.356529
2025-09-14 14:28:09,13.055297,-0.038213,37.261023,9.413689,13.388159
2025-09-14 14:28:10,13.090139,-0.038378,37.340673,9.445096,13.435319
2025-09-14 14:28:11,13.126334,-0.038518,37.423094,9.477660,13.484182
2025-09-14 14:28:12,13.161298,-0.038688,37.502857,9.509244,13.531279
2025-09-14 14:28:13,13.196250,-0.038822,37.582523,9.540503,13.577827
2025-09-14 14:28:14,13.231223,-0.038961,37.662054,9.572037,13.624943
2025-09-14 14:28:15,13.267786,-0.039134,37.745274,9.605142,13.674301
2025-09-14 14:28:16,13.302995,-0.039306,37.825910,9.636947,13.721994
2025-09-14 14:28:17,13.337919,-0.039443,37.905670,9.668552,13.769226
2025-09-14 14:28:18,13.372755,-0.039579,37.985361,9.700156,13.816405
2025-09-14 14:28:19,13.407733,-0.039728,38.065024,9.731712,13.863546
2025-09-14 14:28:20,13.442754,-0.039893,38.144606,9.763214,13.910700
2025-09-14 14:28:21,13.477787,-0.040007,38.224188,9.794910,13.957929
2025-09-14 14:28:22,13.512638,-0.040162,38.303946,9.826449,14.005080
2025-09-14 14:28:23,13.547609,-0.040230,38.383648,9.858102,14.052267
2025-09-14 14:28:24,13.582589,-0.040332,38.463224,9.889437,14.099470
2025-09-14 14:28:25,13.617450,-0.040433,38.542845,9.920995,14.146593
2025-09-14 14:28:26,13.652304,-0.040635,38.622483,9.952556,14.193749
2025-09-14 14:28:27,13.686734,-0.040737,38.701039,9.983761,14.240392
2025-09-14 14:28:28,13.721684,-0.040880,38.780640,10.015267,14.287522
2025-09-14 14:28:29,13.756621,-0.040994,38.860226,10.046462,14.334594
2025-09-14 14:28:30,13.791438,-0.041149,38.939841,10.078030,14.381751
2025-09-14 14:28:31,13.826319,-0.041299,39.019438,10.109522,14.428875
2025-09-14 14:28:32,13.861212,-0.041431,39.099236,10.141066,14.475980
2025-09-14 14:28:33,13.896134,-0.041515,39.178975,10.172732,14.523117
2025-09-14 14:28:34,13.931191,-0.041667,39.258505,10.204302,14.570232
2025-09-14 14:28:35,13.965771,-0.041793,39.337205,10.235427,14.616785
2025-09-14 14:28:36,14.000661,-0.041943,39.416803,10.266928,14.663926
2025-09-14 14:28:37,14.035622,-0.042056,39.496419,10.298602,14.711064
2025-09-14 14:28:38,14.070578,-0.042173,39.575900,10.330104,14.765566
2025-09-14 14:28:39,14.105101,-0.042313,39.654584,10.361284,14.812126
2025-09-14 14:28:40,14.140010,-0.042395,39.734274,10.393005,14.859305
2025-09-14 14:28:41,14.174987,-0.042559,39.814079,10.424618,14.906471
2025-09-14 14:28:42,14.209927,-0.042687,39.893692,10.456262,14.953625
2025-09-14 14:28:43,14.245020,-0.042798,39.973265,10.487728,15.000205
2025-09-14 14:28:44,14.279806,-0.042975,40.052905,10.519114,15.047351
2025-09-14 14:28:45,14.314728,-0.043091,40.132565,10.550580,15.094491
2025-09-14 14:28:46,14.349678,-0.043250,40.212190,10.581973,15.141628
2025-09-14 14:28:47,14.384494,-0.043387,40.291842,10.613541,15.188810
2025-09-14 14:28:48,14.419476,-0.043526,40.371573,10.645050,15.235947
2025-09-14 14:28:49,14.454352,-0.043664,40.451190,10.676612,15.283113
2025-09-14 14:28:50,14.489217,-0.043847,40.530888,10.708184,15.330334
2025-09-14 14:28:51,14.524151,-0.043988,40.610606,10.739621,15.377488
2025-09-14 14:28:52,14.559059,-0.044204,40.690210,10.771264,15.424614
2025-09-14 14:28:53,14.429651,-0.044360,40.769769,10.802810,15.471788
2025-09-14 14:28:54,14.464589,-0.044540,40.849465,10.834343,15.519037
2025-09-14 14:28:55,14.499887,-0.044699,40.929943,10.866322,15.566701
2025-09-14 14:28:56,14.534780,-0.044884,41.009604,10.897944,15.613830
2025-09-14 14:28:57,14.569780,-0.045018,41.089076,10.929611,15.660963
2025-09-14 14:28:58,14.604293,-0.045111,41.167832,10.960830,15.707510
2025-09-14 14:28:59,14.639345,-0.045232,41.247523,10.992427,15.754637
2025-09-14 14:29:00,14.674314,-0.045354,41.327102,11.023874,15.801826
2025-09-14 14:29:01,14.709144,-0.045536,41.406626,11.055473,15.848959
2025-09-14 14:29:02,14.744040,-0.045677,41.486271,11.086689,15.896126
2025-09-14 14:29:03,14.779066,-0.045773,41.565914,11.118198,15.943258
2025-09-14 14:29:04,14.813988,-0.045921,41.645646,11.149627,15.990436
2025-09-14 14:29:05,14.849010,-0.046118,41.725402,11.181191,16.037605
2025-09-14 14:29:06,14.883846,-0.046258,41.805219,11.212739,16.084744
2025-09-14 14:29:07,14.919020,-0.046398,41.885827,11.244759,16.132465
2025-09-14 14:29:08,14.953899,-0.046539,41.965591,11.276260,16.179612
2025-09-14 14:29:09,14.988852,-0.046637,42.045308,11.307832,16.226761
2025-09-14 14:29:10,15.023734,-0.046785,42.124769,11.339203,16.273931
2025-09-14 14:29:11,15.058225,-0.046890,42.203331,11.370305,16.320481
2025-09-14 14:29:12,15.093336,-0.046945,42.283029,11.401803,16.367655
2025-09-14 14:29:13,15.128372,-0.047104,42.362788,11.433473,16.414803
2025-09-14 14:29:14,15.163300,-0.047229,42.442457,11.464906,16.461962
2025-09-14 14:29:15,15.198247,-0.047365,42.522063,11.496446,16.509135
2025-09-14 14:29:16,15.233278,-0.047483,42.601724,11.527960,16.556322
2025-09-14 14:29:17,15.268234,-0.047604,42.681395,11.559633,16.603500
2025-09-14 14:29:18,15.303156,-0.047720,42.760930,11.591117,16.650642
2025-09-14 14:29:19,15.338173,-0.047877,42.840544,11.622764,16.697758
2025-09-14 14:29:20,15.373094,-0.048056,42.920217,11.654339,16.744941
2025-09-14 14:29:21,15.407863,-0.048195,42.999857,11.685820,16.792012
2025-09-14 14:29:22,15.442821,-0.048329,43.079487,11.717302,16.839103
2025-09-14 14:29:23,15.477927,-0.048430,43.159184,11.748684,16.886207
2025-09-14 14:29:24,15.513071,-0.048555,43.238776,11.780101,16.933372
2025-09-14 14:29:25,15.547992,-0.048719,43.318445,11.811541,16.980541
2025-09-14 14:29:26,15.582794,-0.048826,43.397999,11.843004,17.027732
2025-09-14 14:29:27,15.617787,-0.048969,43.477588,11.874609,17.074352
2025-09-14 14:29:28,15.652844,-0.049142,43.557132,11.906367,17.121534
2025-09-14 14:29:29,15.687694,-0.049281,43.636659,11.937688,17.168651
2025-09-14 14:29:30,15.722599,-0.049433,43.716398,11.969207,17.215783
2025-09-14 14:29:31,15.757533,-0.049587,43.795915,12.000823,17.262937
2025-09-14 14:29:32,15.792545,-0.049729,43.875565,12.032249,17.310104
2025-09-14 14:29:33,15.827376,-0.049845,43.955043,12.063926,17.357229
2025-09-14 14:29:34,15.862324,-0.049970,44.034722,12.095465,17.404391
2025-09-14 14:29:35,15.897252,-0.050110,44.114389,12.127101,17.451609
2025-09-14 14:29:36,15.932077,-0.050183,44.194056,12.158537,17.498761
2025-09-14 14:29:37,15.967045,-0.050311,44.273663,12.190115,17.545861
2025-09-14 14:29:38,16.002505,-0.050454,44.354157,12.222078,17.593576
2025-09-14 14:29:39,16.037365,-0.050533,44.433706,12.253715,17.640763
2025-09-14 14:29:40,16.072403,-0.050674,44.513366,12.285312,17.687961
2025-09-14 14:29:41,16.107291,-0.050806,44.593056,12.316910,17.735108
2025-09-14 14:29:42,16.142173,-0.050915,44.672692,12.348400,17.782226
2025-09-14 14:29:43,16.177056,-0.051079,44.752357,12.379937,17.829360
2025-09-14 14:29:44,16.212315,-0.051254,44.833000,12.411913,17.877037
2025-09-14 14:29:45,16.247339,-0.051412,44.912638,12.443357,17.924188
2025-09-14 14:29:46,16.282292,-0.051598,44.992188,12.474791,17.971355
2025-09-14 14:29:47,16.317234,-0.051725,45.071858,12.506328,18.018469
2025-09-14 14:29:48,16.352123,-0.051839,45.151661,12.537839,18.065609
2025-09-14 14:29:49,16.387004,-0.051991,45.231406,12.569578,18.112764
2025-09-14 14:29:50,16.421879,-0.052073,45.311116,12.601039,18.159953
2025-09-14 14:29:51,16.456890,-0.052208,45.390730,12.632668,18.207117
2025-09-14 14:29:52,16.517036,-0.052447,45.527446,12.687015,18.292786
2025-09-14 14:29:53,16.592009,-0.052735,45.697993,12.754577,18.393697
2025-09-14 14:29:54,16.670178,-0.053070,45.876126,12.825270,18.499049
2025-09-14 14:29:55,16.748206,-0.053441,46.054136,12.895665,18.604401
2025-09-14 14:29:56,16.826227,-0.053825,46.232090,12.966241,18.709701
2025-09-14 14:29:57,16.879253,-0.054052,46.352919,13.014212,18.781206
2025-09-14 14:29:58,16.914175,-0.054171,46.432547,13.045393,18.828332
2025-09-14 14:29:59,16.949082,-0.054269,46.512123,13.076956,18.875464
2025-09-14 14:30:00,16.984090,-0.054410,46.591755,13.108504,18.922598
2025-09-14 14:30:01,17.019168,-0.054535,46.671423,13.139986,18.969732
2025-09-14 14:30:02,17.054206,-0.054692,46.751101,13.171429,19.016836
2025-09-14 14:30:03,17.089265,-0.054862,46.830647,13.202852,19.063976
2025-09-14 14:30:04,17.124077,-0.055028,46.910222,13.234571,19.111112
2025-09-14 14:30:05,17.159021,-0.055138,46.989919,13.266056,19.158218
2025-09-14 14:30:06,17.193795,-0.055288,47.069673,13.297650,19.205323
2025-09-14 14:30:07,17.228807,-0.055463,47.149338,13.329066,19.252459
2025-09-14 14:30:08,17.263969,-0.055597,47.228925,13.360793,19.299604
2025-09-14 14:30:09,17.299047,-0.055742,47.308407,13.392379,19.346712
2025-09-14 14:30:10,17.334038,-0.055904,47.388091,13.423944,19.393831
2025-09-14 14:30:11,17.369285,-0.056047,47.468627,13.455850,19.441534
2025-09-14 14:30:12,17.404263,-0.056206,47.548264,13.487378,19.488677
2025-09-14 14:30:13,17.439140,-0.056365,47.628029,13.518961,19.535819
2025-09-14 14:30:14,17.474172,-0.056523,47.707678,13.550435,19.582936
2025-09-14 14:30:15,17.509393,-0.056700,47.787326,13.581968,19.630071
2025-09-14 14:30:16,17.544731,-0.056775,47.867990,13.613868,19.677700
2025-09-14 14:30:17,17.579743,-0.056900,47.947631,13.645448,19.724844
2025-09-14 14:30:18,17.614251,-0.056962,48.026319,13.676608,19.771411
2025-09-14 14:30:19,17.649284,-0.057107,48.106069,13.708185,19.818547
2025-09-14 14:30:20,17.684535,-0.057227,48.186597,13.739958,19.866223
2025-09-14 14:30:21,17.719501,-0.057391,48.266282,13.771367,19.913344
2025-09-14 14:30:22,17.754393,-0.057574,48.345994,13.803011,19.960455
2025-09-14 14:30:23,17.789313,-0.057730,48.425694,13.834496,20.007603
2025-09-14 14:30:24,17.824333,-0.057885,48.505340,13.865924,20.054656
2025-09-14 14:30:25,17.859382,-0.057983,48.584979,13.897413,20.101795
2025-09-14 14:30:26,17.894395,-0.058124,48.664641,13.928957,20.148920
2025-09-14 14:30:27,17.929674,-0.058276,48.745156,13.960761,20.196641
2025-09-14 14:30:28,17.964490,-0.058415,48.824765,13.992309,20.243794
2025-09-14 14:30:29,17.999434,-0.058563,48.904478,14.023738,20.290932
2025-09-14 14:30:30,18.034371,-0.058727,48.983866,14.055253,20.338065
2025-09-14 14:30:31,18.069197,-0.058913,49.063401,14.086717,20.385193
2025-09-14 14:30:32,18.104132,-0.059009,49.142081,14.117971,20.432312
2025-09-14 14:30:33,18.139095,-0.059177,49.221754,14.149545,20.479405
2025-09-14 14:30:34,18.173943,-0.059300,49.301498,14.181029,20.526597
2025-09-14 14:30:35,18.208915,-0.059446,49.381196,14.215473,20.573674
2025-09-14 14:30:36,18.243932,-0.059595,49.460813,14.246853,20.620792
2025-09-14 14:30:37,18.278759,-0.059809,49.540424,14.278234,20.667947
2025-09-14 14:30:38,18.313611,-0.059989,49.620121,14.309669,20.715092
2025-09-14 14:30:39,18.348653,-0.060137,49.699688,14.341212,20.762238
2025-09-14 14:30:40,18.383657,-0.060255,49.779360,14.372802,20.809385
2025-09-14 14:30:41,18.418620,-0.060408,49.858945,14.404205,20.856485
2025-09-14 14:30:42,18.453596,-0.060476,49.938612,14.435797,20.903605
2025-09-14 14:30:43,18.488576,-0.060622,50.018063,14.467359,20.950807
2025-09-14 14:30:44,18.523515,-0.060765,50.097612,14.499039,20.998010
2025-09-14 14:30:45,18.558055,-0.060885,50.176358,14.530353,21.044566
2025-09-14 14:30:46,18.592890,-0.061011,50.255961,14.561792,21.091745
2025-09-14 14:30:47,18.627816,-0.061151,50.335587,14.593398,21.138921
2025-09-14 14:30:48,18.662713,-0.061299,50.415257,14.625025,21.186078
2025-09-14 14:30:49,18.698021,-0.061425,50.495842,14.657005,21.233772
2025-09-14 14:30:50,18.732991,-0.061507,50.575475,14.688463,21.280914
2025-09-14 14:30:51,18.767823,-0.061640,50.655244,14.720021,21.328058
2025-09-14 14:30:52,18.802796,-0.061764,50.734965,14.751781,21.375232
2025-09-14 14:30:53,18.837839,-0.061879,50.814548,14.783261,21.422455
2025-09-14 14:30:54,18.872708,-0.062005,50.894264,14.814689,21.469639
2025-09-14 14:30:55,18.907183,-0.062166,50.972948,14.845838,21.516236
2025-09-14 14:30:56,18.942188,-0.062271,51.052464,14.877401,21.563373
2025-09-14 14:30:57,18.977141,-0.062423,51.131957,14.909053,21.610532
2025-09-14 14:30:58,19.011973,-0.062567,51.211553,14.940538,21.657656
2025-09-14 14:30:59,19.046911,-0.062707,51.291376,14.972055,21.704787
2025-09-14 14:31:00,19.081974,-0.062858,51.371026,15.003593,21.751862
2025-09-14 14:31:01,19.116865,-0.062998,51.450639,15.035172,21.799077
2025-09-14 14:31:02,19.151786,-0.063126,51.530202,15.066714,21.846200
2025-09-14 14:31:03,19.186598,-0.063276,51.609966,15.098387,21.893290
2025-09-14 14:31:04,19.221447,-0.063422,51.689573,15.130026,21.940419
2025-09-14 14:31:05,19.256246,-0.063585,51.769256,15.161617,21.987535
2025-09-14 14:31:06,19.291168,-0.063699,51.848957,15.193137,22.034696
2025-09-14 14:31:07,19.326060,-0.063872,51.928625,15.224674,22.081832
2025-09-14 14:31:08,19.360972,-0.064002,52.008286,15.256195,22.128936
2025-09-14 14:31:09,19.395812,-0.064152,52.087827,15.287763,22.176015
2025-09-14 14:31:10,19.430749,-0.064288,52.167581,15.319520,22.223184
2025-09-14 14:31:11,19.465601,-0.064404,52.247212,15.351138,22.270375
2025-09-14 14:31:12,19.500538,-0.064564,52.326858,15.382747,22.317510
2025-09-14 14:31:13,19.535394,-0.064691,52.406592,15.414245,22.364645
2025-09-14 14:31:15,19.570383,-0.064839,52.486197,15.445757,22.411810
2025-09-14 14:31:16,19.605292,-0.064987,52.565951,15.477370,22.458907
2025-09-14 14:31:17,19.640175,-0.065148,52.645620,15.508896,22.506020
2025-09-14 14:31:18,19.675323,-0.065259,52.725258,15.540435,22.553127
2025-09-14 14:31:19,19.710246,-0.065342,52.804872,15.571857,22.600289
2025-09-14 14:31:20,19.745213,-0.065485,52.884598,15.603287,22.647425
2025-09-14 14:31:21,19.780160,-0.065632,52.964300,15.634897,22.694595
2025-09-14 14:31:22,19.815048,-0.065764,53.043990,15.666274,22.741694
2025-09-14 14:31:23,19.849807,-0.065876,53.123598,15.697466,22.788860
2025-09-14 14:31:24,19.884679,-0.066067,53.203175,15.728789,22.835983
2025-09-14 14:31:25,19.919536,-0.066199,53.282824,15.760266,22.883137
2025-09-14 14:31:26,19.954471,-0.066304,53.362422,15.791836,22.930305
2025-09-14 14:31:27,20.071611,-0.066431,53.442381,15.823329,22.977417
2025-09-14 14:31:28,20.106683,-0.066552,53.521692,15.854988,23.024591
2025-09-14 14:31:29,20.141521,-0.066709,53.601265,15.886488,23.071725
2025-09-14 14:31:30,20.176331,-0.066858,53.680708,15.917980,23.118864
2025-09-14 14:31:31,20.211244,-0.067015,53.760141,15.949439,23.166053
2025-09-14 14:31:32,20.246057,-0.067166,53.839662,15.981117,23.213209
2025-09-14 14:31:33,20.280985,-0.067288,53.919279,16.012596,23.260372
2025-09-14 14:31:34,20.315983,-0.067368,53.998812,16.044227,23.307563
2025-09-14 14:31:35,20.350810,-0.067504,54.078316,16.075849,23.354662
2025-09-14 14:31:36,20.385898,-0.067609,54.157797,16.107431,23.401815
2025-09-14 14:31:37,20.420748,-0.067771,54.237294,16.139075,23.448947
2025-09-14 14:31:38,20.455858,-0.067893,54.316854,16.170584,23.496046
2025-09-14 14:31:39,20.490919,-0.068052,54.396344,16.202334,23.543173
2025-09-14 14:31:40,20.525712,-0.068189,54.475863,16.234429,23.590346
2025-09-14 14:31:41,20.560463,-0.068341,54.555334,16.266626,23.637475
2025-09-14 14:31:42,20.595384,-0.068499,54.634843,16.298551,23.684632
2025-09-14 14:31:43,20.630214,-0.068614,54.714290,16.330671,23.731744
2025-09-14 14:31:44,20.664992,-0.068781,54.793808,16.362765,23.778889
2025-09-14 14:31:45,20.699857,-0.068935,54.873401,16.394930,23.825983
2025-09-14 14:31:46,20.734816,-0.069067,54.952916,16.427131,23.873147
2025-09-14 14:31:47,20.769727,-0.069192,55.032405,16.459186,23.920321
2025-09-14 14:31:48,20.804793,-0.069333,55.111974,16.491190,23.967458
2025-09-14 14:31:49,20.839665,-0.069493,55.191463,16.523315,24.014583
2025-09-14 14:31:50,20.874509,-0.069616,55.271049,16.555449,24.061753
2025-09-14 14:31:51,20.909341,-0.069754,55.350657,16.587703,24.109045
2025-09-14 14:31:52,20.944490,-0.069891,55.430236,16.619882,24.156177
2025-09-14 14:31:53,20.979292,-0.070029,55.509778,16.651837,24.203357
2025-09-14 14:31:54,21.014214,-0.070155,55.589324,16.684015,24.250508
2025-09-14 14:31:55,21.049213,-0.070364,55.668830,16.715941,24.297683
2025-09-14 14:31:56,21.084226,-0.070462,55.748459,16.748133,24.344827
2025-09-14 14:31:57,21.119244,-0.070616,55.827916,16.780221,24.391984
2025-09-14 14:31:58,21.154188,-0.070750,55.907459,16.812472,24.439172
2025-09-14 14:31:59,21.189079,-0.070887,55.987086,16.844608,24.486326
2025-09-14 14:32:00,21.223967,-0.071017,56.066635,16.876808,24.533420
2025-09-14 14:32:01,21.258837,-0.071137,56.146208,16.908721,24.580529
2025-09-14 14:32:02,21.293899,-0.071287,56.225797,16.940642,24.627695
2025-09-14 14:32:03,21.328774,-0.071422,56.305451,16.972641,24.674833
2025-09-14 14:32:04,21.363706,-0.071538,56.384846,17.004750,24.721949
2025-09-14 14:32:05,21.398694,-0.071658,56.464293,17.036771,24.769114
2025-09-14 14:32:06,21.433531,-0.071824,56.543892,17.068898,24.816191
2025-09-14 14:32:07,21.468495,-0.071935,56.623382,17.100860,24.863296
2025-09-14 14:32:08,21.503451,-0.072092,56.702890,17.133045,24.910447
2025-09-14 14:32:09,21.538429,-0.072233,56.782368,17.165219,24.957562
2025-09-14 14:32:10,21.573350,-0.072413,56.861938,17.197226,25.004714
2025-09-14 14:32:11,21.608233,-0.072588,56.941441,17.229066,25.051859
2025-09-14 14:32:12,21.643059,-0.072729,57.020900,17.261304,25.098975
2025-09-14 14:32:13,21.678146,-0.072870,57.100445,17.293260,25.146114
2025-09-14 14:32:14,21.713086,-0.073005,57.179962,17.325342,25.193268
2025-09-14 14:32:15,21.747867,-0.073148,57.259411,17.357422,25.240479
2025-09-14 14:32:16,21.782767,-0.073280,57.338877,17.389465,25.287600
2025-09-14 14:32:17,21.817621,-0.073423,57.418387,17.421617,25.334721
2025-09-14 14:32:18,21.852551,-0.073575,57.497992,17.453327,25.381835
2025-09-14 14:32:19,21.887526,-0.073712,57.577421,17.485447,25.428998
2025-09-14 14:32:20,21.922393,-0.073858,57.656863,17.517678,25.476120
2025-09-14 14:32:21,21.957311,-0.074028,57.736412,17.549766,25.523236
2025-09-14 14:32:22,21.992278,-0.074142,57.816007,17.581746,25.570407
2025-09-14 14:32:23,22.027341,-0.074281,57.895520,17.613942,25.617573
2025-09-14 14:32:24,22.062238,-0.074438,57.975056,17.646042,25.664631
2025-09-14 14:32:25,22.098404,-0.074651,58.057506,17.679153,25.713379
2025-09-14 14:32:26,22.133429,-0.074822,58.137107,17.711298,25.760480
2025-09-14 14:32:27,22.168426,-0.074968,58.216670,17.743052,25.807609
2025-09-14 14:32:28,22.203295,-0.075109,58.296250,17.775022,25.854819
2025-09-14 14:32:29,22.238107,-0.075333,58.375695,17.806868,25.901964
2025-09-14 14:32:30,22.273111,-0.075502,58.455239,17.838743,25.949061
2025-09-14 14:32:31,22.308196,-0.075618,58.534800,17.870854,25.996190
2025-09-14 14:32:32,22.343073,-0.075741,58.614257,17.902978,26.043352
2025-09-14 14:32:33,22.377902,-0.075909,58.693813,17.934807,26.090483
2025-09-14 14:32:34,22.412811,-0.076091,58.773392,17.966820,26.137619
2025-09-14 14:32:35,22.448246,-0.076225,58.853749,17.999230,26.185363
2025-09-14 14:32:36,22.483223,-0.076300,58.933323,18.031392,26.232500
2025-09-14 14:32:37,22.518287,-0.076419,59.012828,18.063496,26.279605
2025-09-14 14:32:38,22.552751,-0.076551,59.091558,18.095330,26.326195
2025-09-14 14:32:39,22.587708,-0.076651,59.171154,18.127360,26.373307
2025-09-14 14:32:40,22.622656,-0.076776,59.250580,18.159305,26.420431
2025-09-14 14:32:41,22.657451,-0.076969,59.330103,18.191536,26.467517
2025-09-14 14:32:42,22.692344,-0.077135,59.409521,18.223441,26.514675
2025-09-14 14:32:43,22.727272,-0.077222,59.489066,18.255656,26.561812
2025-09-14 14:32:44,22.762012,-0.077367,59.568620,18.287696,26.608960
2025-09-14 14:32:45,22.796949,-0.077478,59.648143,18.319847,26.656130
2025-09-14 14:32:46,22.831449,-0.077595,59.726791,18.351554,26.702763
2025-09-14 14:32:47,22.866350,-0.077759,59.806347,18.383678,26.749984
2025-09-14 14:32:48,22.901192,-0.077908,59.885930,18.415921,26.797084
2025-09-14 14:32:49,22.936223,-0.078032,59.965396,18.448041,26.844218
2025-09-14 14:32:50,22.971213,-0.078148,60.049569,18.480024,26.891340
2025-09-14 14:32:51,23.006277,-0.078266,60.129018,18.512145,26.938431
2025-09-14 14:32:52,23.041037,-0.078386,60.208571,18.544111,26.985569
2025-09-14 14:32:53,23.075952,-0.078505,60.288084,18.576258,27.032694
2025-09-14 14:32:54,23.110820,-0.078659,60.367655,18.608571,27.079842
2025-09-14 14:32:55,23.145601,-0.078775,60.447181,18.640685,27.126939
2025-09-14 14:32:56,23.180538,-0.078939,60.526703,18.672774,27.174037
2025-09-14 14:32:57,23.215537,-0.079069,60.606310,18.704712,27.221150
2025-09-14 14:32:58,23.291759,-0.079167,60.685914,18.736925,27.268261
2025-09-14 14:32:59,23.326306,-0.079312,60.764523,18.768594,27.314882
2025-09-14 14:33:00,23.361352,-0.079435,60.843992,18.800548,27.362012
2025-09-14 14:33:01,23.396368,-0.079565,60.930263,18.832706,27.409151
2025-09-14 14:33:02,23.431270,-0.079690,61.009817,18.864762,27.456341
2025-09-14 14:33:03,23.466158,-0.079826,61.089558,18.896629,27.503466
2025-09-14 14:33:04,23.500959,-0.080017,61.169004,18.928712,27.550613
2025-09-14 14:33:05,23.535944,-0.080104,61.248588,18.962884,27.597766
2025-09-14 14:33:06,23.570938,-0.080288,61.328146,18.994877,27.644942
2025-09-14 14:33:07,23.605893,-0.080447,61.407763,19.026879,27.692160
2025-09-14 14:33:08,23.640787,-0.080547,61.487344,19.058931,27.739284
2025-09-14 14:33:09,23.675580,-0.080690,61.566840,19.091047,27.786380
2025-09-14 14:33:10,23.545922,-0.080793,61.646340,19.123119,27.833588
2025-09-14 14:33:11,23.580908,-0.080941,61.725978,19.155212,27.880765
2025-09-14 14:33:12,23.615874,-0.081114,61.805589,19.187297,27.927866
2025-09-14 14:33:13,23.650759,-0.081232,61.884994,19.219374,27.974994
2025-09-14 14:33:14,23.685141,-0.081405,61.964519,19.251534,28.022129
2025-09-14 14:33:15,23.720032,-0.081548,62.044128,19.283668,28.069282
2025-09-14 14:33:16,23.754924,-0.081684,62.123612,19.315671,28.116440
2025-09-14 14:33:17,23.789906,-0.081852,62.203159,19.347683,28.163625
2025-09-14 14:33:18,23.824903,-0.082019,62.282783,19.379585,28.210956
2025-09-14 14:33:19,23.859747,-0.082178,62.362277,19.411520,28.258057
2025-09-14 14:33:20,23.894768,-0.082250,62.441737,19.443570,28.305247
2025-09-14 14:33:21,23.929507,-0.082410,62.521332,19.475425,28.352373
2025-09-14 14:33:22,23.964390,-0.082553,62.600839,19.507610,28.399547
2025-09-14 14:33:23,23.999361,-0.082703,62.680341,19.539505,28.446633
2025-09-14 14:33:24,24.034227,-0.082940,62.759981,19.571608,28.493772
2025-09-14 14:33:25,24.069188,-0.083081,62.839519,19.603733,28.540892
2025-09-14 14:33:26,24.104142,-0.083247,62.919116,19.635915,28.587997
2025-09-14 14:33:27,24.139174,-0.083367,62.998789,19.667998,28.635210
2025-09-14 14:33:28,24.174237,-0.083506,63.078643,19.700022,28.682315
2025-09-14 14:33:29,24.209132,-0.083618,63.158317,19.732101,28.729369
2025-09-14 14:33:30,24.244188,-0.083781,63.238016,19.764344,28.776514
2025-09-14 14:33:31,24.279166,-0.083924,63.317762,19.796509,28.823650
2025-09-14 14:33:32,24.314187,-0.084082,63.397532,19.828709,28.870819
2025-09-14 14:33:33,24.349019,-0.084307,63.477112,19.860767,28.917958
2025-09-14 14:33:34,24.383984,-0.084464,63.556760,19.892892,28.965143
2025-09-14 14:33:35,24.418816,-0.084618,63.636612,19.924967,29.012254
2025-09-14 14:33:36,24.453753,-0.084741,63.716172,19.957215,29.059342
2025-09-14 14:33:37,24.488610,-0.084873,63.795840,19.989264,29.106462
2025-09-14 14:33:38,24.523627,-0.085014,63.875634,20.021300,29.153661
2025-09-14 14:33:39,24.558565,-0.085130,63.955363,20.053445,29.200850
2025-09-14 14:33:40,24.593515,-0.085292,64.035013,20.085596,29.248024
2025-09-14 14:33:41,24.628427,-0.085426,64.114706,20.117718,29.302528
2025-09-14 14:33:42,24.663384,-0.085556,64.194413,20.149685,29.349567
2025-09-14 14:33:43,24.698392,-0.085664,64.274117,20.181908,29.396696
2025-09-14 14:33:44,24.733248,-0.085892,64.353771,20.214045,29.443779
2025-09-14 14:33:45,24.768155,-0.086021,64.433426,20.246203,29.490933
2025-09-14 14:33:46,24.813992,-0.086174,64.536828,20.289468,29.551972
2025-09-14 14:33:47,24.855864,-0.086345,64.628910,20.330732,29.605725
