Time,Device_0x40_Energy(J),Device_0x41_Energy(J),Device_0x44_Energy(J),Device_0x45_Energy(J),Device_0x48_Energy(J)
2025-09-14 14:04:32,0.042647,-0.000195,0.089538,0.035328,0.051541
2025-09-14 14:04:33,0.081567,-0.000346,0.171387,0.067699,0.098717
2025-09-14 14:04:34,0.120494,-0.000453,0.253045,0.100287,0.145820
2025-09-14 14:04:35,0.159354,-0.000487,0.334753,0.132494,0.192927
2025-09-14 14:04:36,0.198308,-0.000609,0.416543,0.164813,0.239993
2025-09-14 14:04:37,0.236744,-0.000767,0.498135,0.197045,0.287050
2025-09-14 14:04:38,0.275607,-0.000898,0.579878,0.229302,0.334165
2025-09-14 14:04:39,0.314837,-0.001067,0.661541,0.261571,0.381335
2025-09-14 14:04:40,0.353814,-0.001189,0.743243,0.293962,0.428519
2025-09-14 14:04:41,0.393131,-0.001304,0.825979,0.326670,0.476232
2025-09-14 14:04:42,0.432128,-0.001465,0.907677,0.358815,0.523413
2025-09-14 14:04:43,0.471014,-0.001604,0.989366,0.391118,0.570513
2025-09-14 14:04:44,0.509989,-0.001727,1.071201,0.427113,0.617620
2025-09-14 14:04:45,0.549030,-0.001886,1.152923,0.459643,0.664734
2025-09-14 14:04:46,0.587925,-0.001961,1.234682,0.491808,0.711891
2025-09-14 14:04:47,0.626836,-0.002091,1.316309,0.524233,0.759042
2025-09-14 14:04:48,0.665876,-0.002263,1.397848,0.556564,0.806128
2025-09-14 14:04:49,0.704712,-0.002391,1.479553,0.588855,0.853278
2025-09-14 14:04:51,0.743625,-0.002507,1.561245,0.621181,0.900391
2025-09-14 14:04:52,0.782470,-0.002646,1.642804,0.653465,0.947491
2025-09-14 14:04:53,0.821365,-0.002786,1.724513,0.685719,0.994662
2025-09-14 14:04:54,0.860487,-0.002907,1.806204,0.718071,1.041827
2025-09-14 14:04:55,0.899454,-0.003019,1.887900,0.750367,1.088970
2025-09-14 14:04:56,0.938296,-0.003107,1.969679,0.782588,1.136076
2025-09-14 14:04:57,0.977197,-0.003234,2.051348,0.815111,1.183212
2025-09-14 14:04:58,1.016049,-0.003398,2.133033,0.847503,1.230265
2025-09-14 14:04:59,1.075724,-0.003587,2.214685,0.879900,1.277372
2025-09-14 14:05:00,1.114752,-0.003778,2.296394,0.912140,1.324533
2025-09-14 14:05:01,1.153116,-0.003926,2.377212,0.944048,1.371134
2025-09-14 14:05:02,1.192078,-0.004049,2.458966,0.976432,1.418220
2025-09-14 14:05:03,1.231017,-0.004147,2.540640,1.008812,1.465431
2025-09-14 14:05:04,1.270070,-0.004306,2.622400,1.041316,1.512523
2025-09-14 14:05:05,1.309319,-0.004460,2.705186,1.074069,1.563871
2025-09-14 14:05:06,1.348285,-0.004565,2.786946,1.106501,1.611010
2025-09-14 14:05:07,1.387341,-0.004774,2.868703,1.138929,1.658118
2025-09-14 14:05:08,1.426791,-0.004877,2.951366,1.171648,1.705826
2025-09-14 14:05:09,1.465915,-0.005006,3.033097,1.203943,1.753013
2025-09-14 14:05:10,1.504846,-0.005166,3.114880,1.236518,1.800221
2025-09-14 14:05:11,1.543731,-0.005290,3.196569,1.268890,1.847376
2025-09-14 14:05:12,1.582611,-0.005430,3.278294,1.301361,1.894534
2025-09-14 14:05:13,1.621545,-0.005582,3.360139,1.333686,1.941722
2025-09-14 14:05:14,1.660549,-0.005752,3.441929,1.365980,1.988831
2025-09-14 14:05:15,1.699567,-0.005905,3.523532,1.398497,2.036024
2025-09-14 14:05:16,1.738506,-0.006027,3.605299,1.430885,2.083136
2025-09-14 14:05:17,1.777462,-0.006171,3.687019,1.463227,2.130261
2025-09-14 14:05:18,1.816358,-0.006310,3.768839,1.495603,2.177358
2025-09-14 14:05:19,1.855351,-0.006398,3.850751,1.527990,2.224465
2025-09-14 14:05:20,1.894439,-0.006514,3.932476,1.560213,2.271545
2025-09-14 14:05:21,1.933349,-0.006603,4.014225,1.592685,2.318705
2025-09-14 14:05:22,1.972340,-0.006819,4.095910,1.625001,2.365863
2025-09-14 14:05:23,2.011330,-0.006913,4.177599,1.657423,2.413055
2025-09-14 14:05:24,2.050311,-0.007092,4.259420,1.689720,2.460134
2025-09-14 14:05:25,2.090130,-0.007228,4.343166,1.722755,2.508364
2025-09-14 14:05:26,2.129476,-0.007326,4.425879,1.755413,2.556041
2025-09-14 14:05:27,2.168907,-0.007449,4.508553,1.788178,2.603703
2025-09-14 14:05:28,2.207817,-0.007601,4.590263,1.820603,2.650866
2025-09-14 14:05:29,2.246882,-0.007752,4.672080,1.852996,2.698035
2025-09-14 14:05:30,2.286309,-0.007886,4.754685,1.885918,2.686605
2025-09-14 14:05:31,2.325399,-0.008020,4.836437,1.918392,2.733735
2025-09-14 14:05:32,2.364395,-0.008150,4.918169,1.951031,2.780906
2025-09-14 14:05:33,2.403428,-0.008273,4.999878,1.983292,2.828050
2025-09-14 14:05:34,2.442524,-0.008402,5.081649,2.015687,2.875213
2025-09-14 14:05:35,2.481504,-0.008512,5.163422,2.048091,2.922315
2025-09-14 14:05:36,2.520549,-0.008643,5.245102,2.080510,2.968918
2025-09-14 14:05:37,2.559748,-0.008750,5.326872,2.112912,3.016144
2025-09-14 14:05:38,2.598986,-0.008928,5.408707,2.145244,3.063304
2025-09-14 14:05:39,2.637948,-0.009093,5.490410,2.177488,3.110370
2025-09-14 14:05:40,2.677076,-0.009200,5.572214,2.209975,3.157480
2025-09-14 14:05:41,2.715976,-0.009301,5.653932,2.242290,3.204647
2025-09-14 14:05:42,2.754955,-0.009426,5.735648,2.274621,3.251723
2025-09-14 14:05:43,2.793961,-0.009594,5.817336,2.307067,3.298922
2025-09-14 14:05:44,2.832865,-0.009738,5.898979,2.339609,3.346090
2025-09-14 14:05:45,2.872247,-0.009922,5.981556,2.372308,3.393781
2025-09-14 14:05:46,2.911072,-0.010079,6.063344,2.404780,3.440938
2025-09-14 14:05:47,2.950025,-0.010172,6.144979,2.436974,3.488072
2025-09-14 14:05:48,2.988926,-0.010304,6.226707,2.469326,3.535198
2025-09-14 14:05:49,3.027709,-0.010426,6.308501,2.501914,3.582327
2025-09-14 14:05:50,3.067685,-0.010606,6.392186,2.534956,3.630634
2025-09-14 14:05:51,3.106165,-0.010736,6.472921,2.567113,3.677241
2025-09-14 14:05:52,3.145145,-0.010859,6.554608,2.599657,3.724461
2025-09-14 14:05:53,3.184096,-0.010979,6.636315,2.631907,3.771679
2025-09-14 14:05:54,3.223502,-0.011104,6.718895,2.664664,3.819340
2025-09-14 14:05:55,3.262342,-0.011286,6.800612,2.697168,3.866471
2025-09-14 14:05:56,3.301438,-0.011393,6.882326,2.729534,3.913585
2025-09-14 14:05:57,3.340239,-0.011502,6.964206,2.761939,3.960756
2025-09-14 14:05:58,3.379164,-0.011684,7.046108,2.794385,4.007936
2025-09-14 14:05:59,3.418158,-0.011852,7.127878,2.826855,4.055145
2025-09-14 14:06:00,3.457152,-0.011945,7.209581,2.859395,4.102245
2025-09-14 14:06:01,3.496166,-0.012084,7.291389,2.891933,4.149397
2025-09-14 14:06:02,3.535064,-0.012225,7.372988,2.924287,4.196527
2025-09-14 14:06:03,3.574086,-0.012398,7.454754,2.956663,4.243670
2025-09-14 14:06:04,3.613029,-0.012532,7.536659,2.988897,4.290787
2025-09-14 14:06:05,3.651974,-0.012650,7.618316,3.021227,4.337899
2025-09-14 14:06:06,3.690891,-0.012891,7.699993,3.053623,4.385078
2025-09-14 14:06:07,3.729998,-0.013017,7.781875,3.085950,4.432203
2025-09-14 14:06:08,3.769185,-0.013110,7.863649,3.118377,4.479221
2025-09-14 14:06:09,3.808175,-0.013283,7.945354,3.150810,4.526396
2025-09-14 14:06:10,3.847209,-0.013398,8.027272,3.182972,4.573503
2025-09-14 14:06:11,3.886283,-0.013510,8.108973,3.215448,4.620610
2025-09-14 14:06:12,3.925240,-0.013671,8.194016,3.247972,4.667754
2025-09-14 14:06:13,3.964697,-0.013788,8.276656,3.280807,4.715480
2025-09-14 14:06:14,4.005239,-0.013948,8.364915,3.316636,4.767096
