Time,Device_0x40_Energy(J),Device_0x41_Energy(J),Device_0x44_Energy(J),Device_0x45_Energy(J),Device_0x48_Energy(J)
2025-09-14 13:15:59,0.082866,-0.000394,0.178959,0.085384,0.105082
2025-09-14 13:16:00,0.163914,-0.000792,0.356975,0.170933,0.210286
2025-09-14 13:16:01,0.245086,-0.001060,0.534968,0.256547,0.315463
2025-09-14 13:16:02,0.326173,-0.001463,0.713057,0.342185,0.420544
2025-09-14 13:16:03,0.396277,-0.001765,0.867719,0.418539,0.511874
2025-09-14 13:16:04,0.431930,-0.001908,0.947381,0.458194,0.558907
2025-09-14 13:16:05,0.467087,-0.002065,1.026978,0.498225,0.605906
2025-09-14 13:16:06,0.502362,-0.002324,1.106663,0.538108,0.652957
2025-09-14 13:16:07,0.537433,-0.002452,1.186359,0.578031,0.699992
2025-09-14 13:16:08,0.572639,-0.002538,1.265879,0.617913,0.747027
2025-09-14 13:16:09,0.607786,-0.002711,1.345574,0.657927,0.794058
2025-09-14 13:16:10,0.642797,-0.002845,1.425243,0.697864,0.841007
2025-09-14 13:16:11,0.677946,-0.002946,1.504870,0.737900,0.888035
2025-09-14 13:16:12,0.713091,-0.003075,1.584566,0.777955,0.935031
2025-09-14 13:16:13,0.748258,-0.003184,1.664197,0.817722,0.982032
2025-09-14 13:16:14,0.783261,-0.003298,1.743867,0.857922,1.029076
2025-09-14 13:16:15,0.818475,-0.003480,1.823449,0.897879,1.076070
2025-09-14 13:16:16,0.853576,-0.003648,1.903037,0.938011,1.123099
2025-09-14 13:16:17,0.888686,-0.003798,1.982556,0.977956,1.169522
2025-09-14 13:16:18,0.923766,-0.003939,2.062221,1.018125,1.216524
2025-09-14 13:16:19,0.958757,-0.004097,2.141835,1.057801,1.263521
2025-09-14 13:16:20,0.993961,-0.004203,2.221472,1.097599,1.310556
2025-09-14 13:16:21,1.029091,-0.004376,2.301197,1.137548,1.357578
2025-09-14 13:16:22,1.064084,-0.004569,2.380665,1.177673,1.404511
2025-09-14 13:16:23,1.099086,-0.004758,2.460379,1.217576,1.451547
2025-09-14 13:16:24,1.134220,-0.004929,2.539996,1.257089,1.498676
2025-09-14 13:16:25,1.169300,-0.005016,2.619537,1.296610,1.545725
2025-09-14 13:16:26,1.204305,-0.005163,2.699246,1.336460,1.592699
2025-09-14 13:16:27,1.239635,-0.005359,2.778867,1.376212,1.639760
2025-09-14 13:16:28,1.274661,-0.005504,2.858528,1.416053,1.686829
2025-09-14 13:16:29,1.309890,-0.005613,2.938192,1.455861,1.733839
2025-09-14 13:16:30,1.345013,-0.005727,3.017850,1.495957,1.780794
2025-09-14 13:16:31,1.380175,-0.005914,3.097570,1.535957,1.827805
2025-09-14 13:16:32,1.415285,-0.006091,3.177177,1.576073,1.874862
2025-09-14 13:16:33,1.451939,-0.006221,3.257438,1.613898,1.921899
2025-09-14 13:16:34,1.489592,-0.006385,3.338255,1.650206,1.968932
2025-09-14 13:16:35,1.527354,-0.006508,3.419046,1.686555,2.015907
2025-09-14 13:16:36,1.565497,-0.006701,3.500882,1.723350,2.063445
2025-09-14 13:16:37,1.603251,-0.006837,3.581740,1.759603,2.110461
2025-09-14 13:16:38,1.639604,-0.006992,3.661693,1.797872,2.157427
2025-09-14 13:16:39,1.674462,-0.007119,3.740264,1.838503,2.203877
2025-09-14 13:16:40,1.750831,-0.007238,3.819696,1.879382,2.250881
2025-09-14 13:16:41,1.786168,-0.007379,3.899400,1.920510,2.297891
2025-09-14 13:16:42,1.822123,-0.007570,3.980801,1.960019,2.344926
2025-09-14 13:16:43,1.858918,-0.007708,4.060571,1.997976,2.391912
2025-09-14 13:16:44,1.895633,-0.007849,4.140472,2.035920,2.438944
2025-09-14 13:16:45,1.932368,-0.007993,4.220044,2.073790,2.485946
2025-09-14 13:16:46,1.969129,-0.008145,4.299714,2.111563,2.532937
2025-09-14 13:16:47,2.005828,-0.008241,4.379321,2.149616,2.579905
2025-09-14 13:16:48,2.041561,-0.008359,4.459168,2.187463,2.626918
2025-09-14 13:16:49,2.076871,-0.008516,4.538932,2.225867,2.673929
2025-09-14 13:16:50,2.112374,-0.008691,4.618713,2.263496,2.720891
2025-09-14 13:16:51,2.147768,-0.008868,4.698581,2.301940,2.767872
2025-09-14 13:16:52,2.183118,-0.008985,4.778370,2.340302,2.814910
2025-09-14 13:16:53,2.218392,-0.009180,4.858188,2.377689,2.861841
2025-09-14 13:16:54,2.253710,-0.009335,4.938089,2.415462,2.908804
2025-09-14 13:16:55,2.289050,-0.009497,5.017923,2.453249,2.955720
2025-09-14 13:16:56,2.324369,-0.009631,5.097639,2.491675,3.002698
2025-09-14 13:16:57,2.359741,-0.009754,5.177475,2.529649,3.049654
2025-09-14 13:16:58,2.395299,-0.008108,5.257267,2.566710,3.096638
2025-09-14 13:16:59,2.431208,-0.008222,5.337954,2.605376,3.144246
2025-09-14 13:17:00,2.467908,-0.008358,5.420697,2.644080,3.192915
2025-09-14 13:17:01,2.503354,-0.008513,5.500605,2.681305,3.239929
2025-09-14 13:17:02,2.539191,-0.008681,5.581423,2.720271,3.287465
2025-09-14 13:17:03,2.579907,-0.008824,5.661254,2.757592,3.334388
2025-09-14 13:17:04,2.615293,-0.008982,5.741065,2.794469,3.381381
2025-09-14 13:17:05,2.671278,-0.009122,5.820920,2.831584,3.428446
2025-09-14 13:17:06,2.706694,-0.009263,5.900787,2.868593,3.475483
2025-09-14 13:17:07,2.742013,-0.009373,5.980441,2.906367,3.522545
2025-09-14 13:17:08,2.776969,-0.009516,6.060231,2.943806,3.569573
2025-09-14 13:17:09,2.812254,-0.009653,6.140113,2.980806,3.616571
2025-09-14 13:17:10,2.847570,-0.009793,6.220062,3.018862,3.663666
2025-09-14 13:17:11,2.883035,-0.009923,6.299891,3.057258,3.710662
2025-09-14 13:17:12,2.918418,-0.010024,6.379630,3.094285,3.757669
2025-09-14 13:17:13,2.953748,-0.010148,6.459568,3.131317,3.804682
2025-09-14 13:17:14,2.989578,-0.010258,6.540361,3.168557,3.852288
2025-09-14 13:17:15,3.025043,-0.010397,6.620041,3.205922,3.898753
2025-09-14 13:17:16,3.060649,-0.010499,6.700459,3.245283,3.946361
2025-09-14 13:17:17,3.131067,-0.010738,6.859665,3.321684,4.040398
2025-09-14 13:17:18,3.209499,-0.011029,7.037520,3.410204,4.145397
2025-09-14 13:17:19,3.288156,-0.011386,7.215307,3.496366,4.250440
2025-09-14 13:17:20,3.366699,-0.011638,7.393120,3.582145,4.355567
2025-09-14 13:17:21,3.445281,-0.011870,7.571227,3.670045,4.460584
2025-09-14 13:17:22,3.487770,-0.012080,7.667767,3.717074,4.517557
2025-09-14 13:17:23,3.522815,-0.012262,7.747472,3.756478,4.564543
2025-09-14 13:17:24,3.558018,-0.012400,7.827151,3.795231,4.611527
2025-09-14 13:17:25,3.593199,-0.012510,7.906762,3.834298,4.658504
2025-09-14 13:17:26,3.628765,-0.012646,7.987292,3.873747,4.705996
2025-09-14 13:17:27,3.666444,-0.012782,8.066941,3.912169,4.753048
2025-09-14 13:17:28,3.701504,-0.012874,8.146448,3.950838,4.800045
2025-09-14 13:17:29,3.736747,-0.012998,8.226039,3.989643,4.847099
2025-09-14 13:17:30,3.772477,-0.013092,8.305697,4.027911,4.894097
2025-09-14 13:17:31,3.807761,-0.013239,8.385214,4.068496,4.941098
2025-09-14 13:17:32,3.842924,-0.013360,8.464750,4.109026,4.988143
2025-09-14 13:17:33,3.878155,-0.013469,8.544270,4.149706,5.035202
2025-09-14 13:17:34,3.913248,-0.013594,8.623838,4.190195,5.082166
2025-09-14 13:17:35,3.948442,-0.013735,8.703509,4.230474,5.129138
2025-09-14 13:17:36,3.983606,-0.013836,8.783069,4.270892,5.176085
2025-09-14 13:17:37,4.018811,-0.014013,8.862606,4.311592,5.223103
2025-09-14 13:17:38,4.053851,-0.014170,8.942265,4.352225,5.270055
2025-09-14 13:17:39,4.088933,-0.014274,9.021892,4.392948,5.317078
2025-09-14 13:17:40,4.124072,-0.014481,9.101348,4.433686,5.364130
2025-09-14 13:17:41,4.159106,-0.014598,9.180866,4.474233,5.411159
2025-09-14 13:17:42,4.194368,-0.014734,9.260512,4.514530,5.458209
2025-09-14 13:17:43,4.229550,-0.014880,9.340173,4.555222,5.505224
2025-09-14 13:17:44,4.264894,-0.014969,9.419856,4.595693,5.552226
2025-09-14 13:17:45,4.300036,-0.015123,9.499503,4.636071,5.599225
2025-09-14 13:17:46,4.335588,-0.015257,9.579296,4.675040,5.646225
2025-09-14 13:17:47,4.371254,-0.015405,9.661385,4.714114,5.693250
2025-09-14 13:17:48,4.406878,-0.015576,9.741141,4.752595,5.739717
2025-09-14 13:17:49,4.442517,-0.015706,9.820950,4.791659,5.786755
2025-09-14 13:17:50,4.477968,-0.015839,9.900775,4.829969,5.833804
2025-09-14 13:17:51,4.513183,-0.015971,9.980428,4.867511,5.880847
2025-09-14 13:17:52,4.550357,-0.016117,10.064809,4.924581,5.930711
2025-09-14 13:17:53,4.585411,-0.016270,10.144491,4.962003,5.977696
2025-09-14 13:17:54,4.620512,-0.016381,10.224000,4.999811,6.024718
2025-09-14 13:17:55,4.655751,-0.016531,10.303607,5.037494,6.071637
2025-09-14 13:17:56,4.690828,-0.016642,10.383391,5.075275,6.118629
2025-09-14 13:17:57,4.725901,-0.016761,10.463024,5.113237,6.165602
2025-09-14 13:17:58,4.761047,-0.016890,10.542708,5.151184,6.212594
2025-09-14 13:17:59,4.796281,-0.017066,10.622274,5.188689,6.259628
2025-09-14 13:18:00,4.831428,-0.017268,10.701860,5.226335,6.306621
2025-09-14 13:18:01,4.866616,-0.017384,10.781576,5.264245,6.353599
2025-09-14 13:18:02,4.902070,-0.017505,10.861259,5.301821,6.400575
2025-09-14 13:18:03,4.938793,-0.017643,10.941042,5.339648,6.447531
2025-09-14 13:18:04,4.976161,-0.017819,11.022559,5.378452,6.495617
2025-09-14 13:18:05,5.012956,-0.017925,11.102329,5.416394,6.542647
2025-09-14 13:18:06,5.049640,-0.018048,11.182092,5.454351,6.589694
2025-09-14 13:18:07,5.086345,-0.018185,11.261783,5.492171,6.636716
2025-09-14 13:18:08,5.122598,-0.018346,11.342673,5.530543,6.684359
2025-09-14 13:18:09,5.158083,-0.018549,11.422560,5.567667,6.731422
2025-09-14 13:18:10,5.193462,-0.018665,11.502391,5.605845,6.778438
2025-09-14 13:18:11,5.229589,-0.018762,11.584146,5.645036,6.826571
2025-09-14 13:18:12,5.264908,-0.018960,11.663999,5.683431,6.873566
2025-09-14 13:18:13,5.300336,-0.019138,11.743807,5.720880,6.920547
2025-09-14 13:18:14,5.335589,-0.019283,11.823659,5.759342,6.967488
2025-09-14 13:18:15,5.371876,-0.019383,11.905311,5.798423,7.015654
2025-09-14 13:18:16,5.407129,-0.019547,11.985133,5.835688,7.062611
2025-09-14 13:18:17,5.442438,-0.019704,12.065057,5.873066,7.109694
2025-09-14 13:18:18,5.478244,-0.019852,12.145791,5.912514,7.157230
2025-09-14 13:18:19,5.513434,-0.019986,12.225655,5.949996,7.203635
2025-09-14 13:18:20,5.548732,-0.020109,12.305554,5.987696,7.250654
2025-09-14 13:18:21,5.584006,-0.020245,12.385416,6.026028,7.297587
2025-09-14 13:18:22,5.619305,-0.020382,12.465315,6.065178,7.344604
2025-09-14 13:18:23,5.654589,-0.020544,12.545124,6.102677,7.391629
2025-09-14 13:18:25,5.689909,-0.020677,12.624954,6.140817,7.438659
2025-09-14 13:18:26,5.725387,-0.020851,12.704729,6.178506,7.485713
2025-09-14 13:18:27,5.760787,-0.020969,12.784648,6.216424,7.532733
2025-09-14 13:18:28,5.796268,-0.021076,12.864487,6.255434,7.579717
2025-09-14 13:18:29,5.831590,-0.021173,12.944375,6.293664,7.626673
2025-09-14 13:18:30,5.866819,-0.021344,13.024374,6.332267,7.673645
2025-09-14 13:18:31,5.902141,-0.021478,13.104126,6.369650,7.720629
2025-09-14 13:18:32,5.937572,-0.021587,13.183974,6.408243,7.767623
2025-09-14 13:18:33,5.973049,-0.021706,13.263776,6.447056,7.814580
2025-09-14 13:18:34,6.008386,-0.021838,13.343633,6.485486,7.861594
2025-09-14 13:18:35,6.043855,-0.022008,13.423512,6.523982,7.908593
2025-09-14 13:18:36,6.078443,-0.022126,13.502386,6.561435,7.955008
2025-09-14 13:18:37,6.113637,-0.022225,13.581896,6.601158,8.002005
2025-09-14 13:18:38,6.148813,-0.022386,13.661549,6.640745,8.049114
2025-09-14 13:18:39,6.183904,-0.022536,13.741182,6.680631,8.096106
2025-09-14 13:18:40,6.219113,-0.022638,13.820696,6.720148,8.144987
2025-09-14 13:18:41,6.254254,-0.022773,13.900353,6.759734,8.192023
2025-09-14 13:18:42,6.289476,-0.022857,13.979856,6.799396,8.239023
2025-09-14 13:18:43,6.324781,-0.022964,14.059411,6.838885,8.286102
2025-09-14 13:18:44,6.360045,-0.023095,14.139069,6.878721,8.333130
2025-09-14 13:18:45,6.425735,-0.023314,14.288032,6.952751,8.421097
2025-09-14 13:18:46,6.504319,-0.023673,14.465939,7.041082,8.526170
2025-09-14 13:18:47,6.582849,-0.023928,14.643775,7.128957,8.631118
2025-09-14 13:18:48,6.661528,-0.024228,14.821711,7.217293,8.736300
2025-09-14 13:18:49,6.740366,-0.024565,14.999642,7.305701,8.841351
2025-09-14 13:18:50,6.787440,-0.024733,15.106320,7.359077,8.904448
2025-09-14 13:18:51,6.822582,-0.024824,15.185906,7.398397,8.951481
2025-09-14 13:18:52,6.858065,-0.024909,15.265599,7.437339,8.998482
2025-09-14 13:18:53,6.893638,-0.025031,15.345296,7.476178,9.045518
2025-09-14 13:18:54,6.929287,-0.025116,15.424858,7.514964,9.092546
2025-09-14 13:18:55,6.964756,-0.025218,15.506242,7.553522,9.139586
2025-09-14 13:18:56,7.000241,-0.025343,15.586008,7.592226,9.186539
2025-09-14 13:18:57,7.035723,-0.025498,15.665779,7.631136,9.233539
2025-09-14 13:18:58,7.070866,-0.025646,15.745426,7.670303,9.280480
2025-09-14 13:18:59,7.106880,-0.025770,15.827024,7.710543,9.328643
2025-09-14 13:19:00,7.141900,-0.025909,15.906629,7.750305,9.375615
2025-09-14 13:19:01,7.176948,-0.026041,15.986307,7.790152,9.422634
2025-09-14 13:19:02,7.212083,-0.026226,16.065994,7.829645,9.469633
2025-09-14 13:19:03,7.247152,-0.026371,16.145603,7.869215,9.516631
2025-09-14 13:19:04,7.282283,-0.026473,16.225303,7.908965,9.563588
2025-09-14 13:19:05,7.317475,-0.026585,16.304964,7.948439,9.610628
2025-09-14 13:19:06,7.352572,-0.026742,16.384564,7.987806,9.657623
2025-09-14 13:19:07,7.387826,-0.026869,16.464210,8.027595,9.704572
2025-09-14 13:19:08,7.422894,-0.027047,16.543848,8.067194,9.751544
2025-09-14 13:19:09,7.458755,-0.027186,16.624455,8.106597,9.799109
2025-09-14 13:19:10,7.495874,-0.027333,16.704953,8.144951,9.846728
2025-09-14 13:19:11,7.532534,-0.027465,16.784621,8.182853,9.893702
2025-09-14 13:19:12,7.569402,-0.027608,16.864351,8.220998,9.940699
2025-09-14 13:19:13,7.606254,-0.027784,16.944126,8.259086,9.987720
2025-09-14 13:19:14,7.643008,-0.027939,17.023780,8.296892,10.034709
2025-09-14 13:19:15,7.679090,-0.028088,17.103555,8.335651,10.081660
2025-09-14 13:19:16,7.714493,-0.028163,17.183408,8.375188,10.128682
2025-09-14 13:19:17,7.749914,-0.028295,17.263277,8.414409,10.175660
2025-09-14 13:19:18,7.785366,-0.028437,17.342970,8.453784,10.222680
2025-09-14 13:19:19,7.820652,-0.028536,17.422805,8.492877,10.269745
2025-09-14 13:19:20,7.856068,-0.028698,17.502668,8.532588,10.316771
2025-09-14 13:19:21,7.891406,-0.028844,17.582475,8.571729,10.363727
2025-09-14 13:19:22,7.926808,-0.028901,17.662320,8.611278,10.410739
2025-09-14 13:19:23,7.962205,-0.028996,17.742187,8.651043,10.457747
2025-09-14 13:19:24,7.997659,-0.029124,17.821985,8.690443,10.504720
2025-09-14 13:19:25,8.032953,-0.029233,17.901815,8.730194,10.551729
2025-09-14 13:19:26,8.068202,-0.029337,17.981690,8.769477,10.598687
2025-09-14 13:19:27,8.104710,-0.029455,18.064351,8.810180,10.647393
2025-09-14 13:19:28,8.140140,-0.029585,18.144182,8.849502,10.694433
2025-09-14 13:19:29,8.175651,-0.029715,18.223955,8.888875,10.741494
2025-09-14 13:19:30,8.210971,-0.029869,18.303728,8.928668,10.788528
2025-09-14 13:19:31,8.246412,-0.030010,18.383558,8.968237,10.834936
2025-09-14 13:19:32,8.281784,-0.030165,18.463361,9.007761,10.881989
2025-09-14 13:19:33,8.317212,-0.030333,18.543146,9.047488,10.929052
2025-09-14 13:19:34,8.352686,-0.030397,18.622928,9.087026,10.976084
2025-09-14 13:19:35,8.388189,-0.030556,18.702612,9.126365,11.023031
2025-09-14 13:19:36,8.423537,-0.030698,18.782513,9.165961,11.070040
2025-09-14 13:19:37,8.458989,-0.030854,18.862369,9.205874,11.117034
2025-09-14 13:19:38,8.494415,-0.030943,18.942177,9.244798,11.164059
2025-09-14 13:19:39,8.529679,-0.031071,19.021992,9.284244,11.211057
2025-09-14 13:19:40,8.565103,-0.031180,19.101762,9.323759,11.258100
2025-09-14 13:19:41,8.600396,-0.031316,19.181650,9.363488,11.305122
2025-09-14 13:19:42,8.635687,-0.031452,19.261468,9.402946,11.352132
2025-09-14 13:19:43,8.670940,-0.031609,19.340990,9.442261,11.399077
2025-09-14 13:19:44,8.706179,-0.031778,19.420542,9.481722,11.446135
2025-09-14 13:19:45,8.741799,-0.031899,19.500953,9.521493,11.493914
2025-09-14 13:19:46,8.776850,-0.032062,19.580472,9.561174,11.540897
2025-09-14 13:19:47,8.811913,-0.032181,19.660080,9.600767,11.587899
2025-09-14 13:19:48,8.846941,-0.032305,19.739692,9.640209,11.634885
2025-09-14 13:19:49,8.882258,-0.032467,19.819370,9.679518,11.681851
2025-09-14 13:19:50,8.917392,-0.032613,19.898949,9.718975,11.728830
2025-09-14 13:19:51,8.952590,-0.032758,19.978456,9.758283,11.775865
2025-09-14 13:19:52,8.987752,-0.032922,20.058120,9.797685,11.822900
2025-09-14 13:19:53,9.023062,-0.033113,20.137781,9.837454,11.869889
2025-09-14 13:19:54,9.058126,-0.033265,20.217401,9.876833,11.916881
2025-09-14 13:19:55,9.093323,-0.033447,20.296958,9.917538,11.963947
2025-09-14 13:19:56,9.128406,-0.033579,20.376640,9.957175,12.010934
2025-09-14 13:19:57,9.163690,-0.033682,20.456299,9.996265,12.057914
2025-09-14 13:19:58,9.199109,-0.033862,20.536066,10.043058,12.104942
2025-09-14 13:19:59,9.234583,-0.033991,20.615738,10.081512,12.151931
2025-09-14 13:20:00,9.270985,-0.034162,20.697445,10.121068,12.199968
2025-09-14 13:20:01,9.306475,-0.034298,20.777035,10.159727,12.247000
2025-09-14 13:20:02,9.342451,-0.034401,20.857683,10.198620,12.294554
2025-09-14 13:20:03,9.377931,-0.034510,20.937409,10.237799,12.341595
2025-09-14 13:20:04,9.413210,-0.034739,21.017232,10.278155,12.388568
2025-09-14 13:20:05,9.448373,-0.034874,21.097003,10.318157,12.435557
2025-09-14 13:20:06,9.483527,-0.035063,21.176758,10.358445,12.482604
2025-09-14 13:20:07,9.518718,-0.035249,21.256537,10.398915,12.529644
2025-09-14 13:20:08,9.553994,-0.035429,21.336266,10.438940,12.576674
2025-09-14 13:20:09,9.589205,-0.035634,21.415946,10.479128,12.623705
2025-09-14 13:20:10,9.624462,-0.035811,21.495714,10.519249,12.670728
2025-09-14 13:20:11,9.659768,-0.035959,21.575528,10.559466,12.717774
2025-09-14 13:20:12,9.695014,-0.036139,21.655321,10.599756,12.764787
2025-09-14 13:20:13,9.730346,-0.036262,21.735085,10.639876,12.811826
2025-09-14 13:20:14,9.765528,-0.036419,21.814881,10.680181,12.858860
2025-09-14 13:20:15,9.800922,-0.036596,21.894626,10.720523,12.905890
2025-09-14 13:20:16,9.836085,-0.036767,21.974255,10.760698,12.952943
2025-09-14 13:20:17,9.871375,-0.036824,22.053979,10.800431,12.999909
2025-09-14 13:20:18,9.906755,-0.036922,22.133705,10.840469,13.046902
2025-09-14 13:20:19,9.942019,-0.037085,22.213412,10.881013,13.093905
2025-09-14 13:20:20,9.977276,-0.037206,22.293165,10.920600,13.140966
2025-09-14 13:20:21,10.012551,-0.037354,22.372898,10.960514,13.188002
2025-09-14 13:20:22,10.047763,-0.037440,22.452572,11.000454,13.235064
2025-09-14 13:20:23,10.082942,-0.037590,22.532194,11.040419,13.282071
2025-09-14 13:20:24,10.118165,-0.037757,22.611902,11.080066,13.329075
2025-09-14 13:20:25,10.153459,-0.037872,22.691638,11.120081,13.376160
2025-09-14 13:20:26,10.188862,-0.037997,22.771265,11.160668,13.423219
2025-09-14 13:20:27,10.224080,-0.038088,22.851052,11.200507,13.470214
2025-09-14 13:20:28,10.260306,-0.038227,22.930908,11.239121,13.517259
2025-09-14 13:20:29,10.297108,-0.038348,23.010645,11.277044,13.564304
2025-09-14 13:20:30,10.333877,-0.038452,23.090397,11.315082,13.611342
2025-09-14 13:20:31,10.369779,-0.038571,23.170391,11.354148,13.658367
2025-09-14 13:20:32,10.405890,-0.038716,23.251381,11.394181,13.705942
2025-09-14 13:20:33,10.442025,-0.038871,23.332347,11.433893,13.753478
2025-09-14 13:20:34,10.477734,-0.038971,23.412234,11.473143,13.800516
2025-09-14 13:20:35,10.513508,-0.039142,23.492259,11.512234,13.847566
2025-09-14 13:20:36,10.549140,-0.039289,23.572346,11.551634,13.894576
2025-09-14 13:20:37,10.584905,-0.039390,23.652463,11.590644,13.941593
2025-09-14 13:20:38,10.620621,-0.039547,23.732452,11.629675,13.988624
2025-09-14 13:20:39,10.656561,-0.039670,23.812526,11.669064,14.035666
2025-09-14 13:20:40,10.692589,-0.039761,23.893551,11.708647,14.083280
2025-09-14 13:20:41,10.728283,-0.039892,23.973479,11.748294,14.130329
2025-09-14 13:20:42,10.763955,-0.040033,24.053682,11.787517,14.177380
2025-09-14 13:20:43,10.799766,-0.040170,24.133691,11.826677,14.224371
2025-09-14 13:20:44,10.835385,-0.040315,24.213761,11.865999,14.271421
2025-09-14 13:20:45,10.871186,-0.040448,24.293836,11.904610,14.318462
2025-09-14 13:20:46,10.907166,-0.040548,24.374765,11.944808,14.366050
2025-09-14 13:20:47,10.942743,-0.040677,24.454873,11.983878,14.413130
2025-09-14 13:20:48,10.978403,-0.040818,24.534921,12.023352,14.459553
2025-09-14 13:20:49,11.013896,-0.040952,24.614900,12.062921,14.506559
2025-09-14 13:20:50,11.049555,-0.041098,24.694822,12.102034,14.553620
2025-09-14 13:20:51,11.085318,-0.041237,24.774856,12.140708,14.600642
2025-09-14 13:20:52,11.121103,-0.041378,24.854921,12.179641,14.647663
2025-09-14 13:20:53,11.156300,-0.041487,24.933995,12.218545,14.694138
2025-09-14 13:20:54,11.191934,-0.041642,25.014041,12.257779,14.741137
2025-09-14 13:20:55,11.227559,-0.041767,25.094047,12.296601,14.788131
2025-09-14 13:20:56,11.263330,-0.041869,25.174080,12.335896,14.835181
2025-09-14 13:20:57,11.298907,-0.041987,25.254135,12.375531,14.882165
2025-09-14 13:20:58,11.334596,-0.042142,25.334175,12.414981,14.929172
2025-09-14 13:20:59,11.370252,-0.042285,25.414153,12.453970,14.976155
2025-09-14 13:21:00,11.405656,-0.042401,25.494146,12.492217,15.023151
2025-09-14 13:21:01,11.436631,-0.042501,25.563738,12.525489,15.064112
2025-09-14 13:21:02,11.472250,-0.042735,25.643653,12.563670,15.111160
2025-09-14 13:21:03,11.507868,-0.042913,25.723520,12.601725,15.158212
2025-09-14 13:21:04,11.543367,-0.043017,25.803408,12.640022,15.205180
2025-09-14 13:21:05,11.578912,-0.043151,25.883337,12.677838,15.252143
2025-09-14 13:21:06,11.614337,-0.043284,25.963253,12.715951,15.299162
2025-09-14 13:21:07,11.649992,-0.043368,26.043221,12.753879,15.346204
2025-09-14 13:21:08,11.685971,-0.043518,26.124186,12.792489,15.393841
2025-09-14 13:21:09,11.721369,-0.043686,26.204053,12.830579,15.440821
2025-09-14 13:21:10,11.757033,-0.043779,26.283969,12.868794,15.487955
2025-09-14 13:21:11,11.792744,-0.043850,26.363902,12.906983,15.534965
2025-09-14 13:21:12,11.828193,-0.043948,26.443801,12.945056,15.581916
2025-09-14 13:21:13,11.863672,-0.044079,26.523678,12.983392,15.628938
2025-09-14 13:21:14,11.899717,-0.044204,26.603512,13.021332,15.675887
2025-09-14 13:21:15,11.935356,-0.044320,26.683469,13.059860,15.722860
2025-09-14 13:21:16,11.970962,-0.044452,26.763462,13.098290,15.769942
2025-09-14 13:21:17,12.006630,-0.044496,26.843561,13.136736,15.816986
2025-09-14 13:21:18,12.042321,-0.044637,26.923582,13.175131,15.864021
2025-09-14 13:21:19,12.077779,-0.044762,27.003636,13.213702,15.911018
2025-09-14 13:21:20,12.113519,-0.044917,27.083690,13.252143,15.958064
2025-09-14 13:21:21,12.149285,-0.045099,27.163586,13.290655,16.005045
2025-09-14 13:21:22,12.185216,-0.045242,27.244627,13.329602,16.052650
2025-09-14 13:21:23,12.221193,-0.045397,27.325489,13.368636,16.100291
2025-09-14 13:21:24,12.256802,-0.045535,27.405486,13.407308,16.147266
2025-09-14 13:21:25,12.292893,-0.045651,27.486370,13.446443,16.194849
2025-09-14 13:21:26,12.328462,-0.045838,27.566473,13.485108,16.241855
2025-09-14 13:21:27,12.364087,-0.045977,27.646449,13.523395,16.288860
2025-09-14 13:21:28,12.399786,-0.046145,27.726349,13.562347,16.335887
2025-09-14 13:21:29,12.435335,-0.046286,27.806409,13.601284,16.382929
2025-09-14 13:21:30,12.470854,-0.046414,27.886414,13.639880,16.429894
2025-09-14 13:21:31,12.506493,-0.046604,27.966396,13.678124,16.476946
2025-09-14 13:21:32,12.543383,-0.046730,28.049360,13.718016,16.525580
2025-09-14 13:21:33,12.579056,-0.046857,28.129249,13.756299,16.572601
2025-09-14 13:21:34,12.614798,-0.046977,28.209188,13.794791,16.619564
2025-09-14 13:21:35,12.650359,-0.047087,28.289160,13.832884,16.666628
2025-09-14 13:21:36,12.685930,-0.047201,28.369087,13.871477,16.713615
2025-09-14 13:21:38,12.721190,-0.047312,28.448004,13.909617,16.760083
2025-09-14 13:21:39,12.756617,-0.047403,28.527953,13.947892,16.807127
2025-09-14 13:21:40,12.792269,-0.047549,28.607958,13.987161,16.854167
2025-09-14 13:21:41,12.827883,-0.047748,28.687862,14.025832,16.901209
2025-09-14 13:21:42,12.863500,-0.047892,28.767836,14.064374,16.948255
2025-09-14 13:21:43,12.899084,-0.048054,28.847580,14.102935,16.995253
2025-09-14 13:21:44,12.934594,-0.048245,28.927302,14.142055,17.042227
2025-09-14 13:21:45,12.970193,-0.048342,29.007118,14.180858,17.089321
2025-09-14 13:21:46,13.005682,-0.048492,29.086965,14.219576,17.136357
2025-09-14 13:21:47,13.041363,-0.048617,29.167034,14.257296,17.183330
2025-09-14 13:21:48,13.076948,-0.048754,29.247009,14.295391,17.230340
2025-09-14 13:21:49,13.112423,-0.048895,29.326886,14.333021,17.277344
2025-09-14 13:21:50,13.148083,-0.049093,29.406926,14.370839,17.324307
2025-09-14 13:21:51,13.182901,-0.049282,29.484955,14.407787,17.370195
2025-09-14 13:21:52,13.218488,-0.049393,29.564976,14.445490,17.417278
2025-09-14 13:21:53,13.254007,-0.049516,29.644127,14.483573,17.464257
2025-09-14 13:21:54,13.289071,-0.049712,29.724118,14.521750,17.511274
2025-09-14 13:21:55,13.324749,-0.049809,29.804004,14.559752,17.558298
2025-09-14 13:21:56,13.360190,-0.049928,29.883998,14.597289,17.605300
2025-09-14 13:21:57,13.395669,-0.050080,29.963920,14.635207,17.652350
2025-09-14 13:21:58,13.430758,-0.050203,30.042920,14.672713,17.698805
2025-09-14 13:21:59,13.466900,-0.050308,30.122783,14.710699,17.745781
2025-09-14 13:22:00,13.503633,-0.050473,30.202519,14.748542,17.792772
2025-09-14 13:22:01,13.540365,-0.050656,30.282174,14.786576,17.839860
2025-09-14 13:22:02,13.576252,-0.050826,30.362076,14.824854,17.886796
2025-09-14 13:22:03,13.611846,-0.050976,30.442173,14.862970,17.933747
2025-09-14 13:22:04,13.647508,-0.051138,30.522120,14.901181,17.980765
2025-09-14 13:22:05,13.683259,-0.051272,30.602168,14.939544,18.027816
2025-09-14 13:22:06,13.718879,-0.051431,30.682249,14.977728,18.074803
2025-09-14 13:22:07,13.754454,-0.051559,30.762265,15.016369,18.121798
2025-09-14 13:22:08,13.790213,-0.051734,30.842320,15.054521,18.168805
2025-09-14 13:22:09,13.825441,-0.051900,30.922271,15.093107,18.215888
2025-09-14 13:22:10,13.861047,-0.052039,31.002224,15.131464,18.262904
2025-09-14 13:22:11,13.896655,-0.052138,31.082217,15.170058,18.309859
2025-09-14 13:22:12,13.932076,-0.052230,31.162152,15.208614,18.356901
2025-09-14 13:22:13,13.967570,-0.052411,31.242223,15.246929,18.403893
2025-09-14 13:22:14,14.003236,-0.052569,31.322315,15.285320,18.450920
2025-09-14 13:22:15,14.038634,-0.052707,31.401282,15.323029,18.497354
2025-09-14 13:22:16,14.074439,-0.052821,31.481433,15.361601,18.544356
2025-09-14 13:22:17,14.109954,-0.052966,31.561432,15.399940,18.591387
2025-09-14 13:22:18,14.145458,-0.053105,31.641459,15.438268,18.638382
2025-09-14 13:22:19,14.181179,-0.053223,31.721452,15.476366,18.685404
2025-09-14 13:22:20,14.216823,-0.053371,31.801549,15.514873,18.732427
2025-09-14 13:22:21,14.253331,-0.053503,31.882444,15.553980,18.780569
2025-09-14 13:22:22,14.289132,-0.053633,31.962523,15.592370,18.827600
2025-09-14 13:22:23,14.324928,-0.053735,32.042595,15.630486,18.874621
2025-09-14 13:22:24,14.360458,-0.053899,32.122615,15.669177,18.921629
2025-09-14 13:22:25,14.396182,-0.053986,32.202583,15.707595,18.968666
2025-09-14 13:22:26,14.431301,-0.054129,32.281639,15.745680,19.015085
2025-09-14 13:22:27,14.466955,-0.054247,32.361632,15.784200,19.062078
2025-09-14 13:22:28,14.502593,-0.054386,32.441692,15.822370,19.109043
2025-09-14 13:22:29,14.539382,-0.054538,32.521735,15.860694,19.156084
2025-09-14 13:22:30,14.575026,-0.054682,32.601821,15.899053,19.203100
2025-09-14 13:22:31,14.610681,-0.054838,32.683020,15.937867,19.250089
2025-09-14 13:22:32,14.646192,-0.054982,32.763404,15.976570,19.297070
2025-09-14 13:22:33,14.682041,-0.055098,32.844256,16.015876,19.344585
2025-09-14 13:22:34,14.717726,-0.055246,32.924195,16.054846,19.391568
2025-09-14 13:22:35,14.753345,-0.055432,33.004076,16.093472,19.438626
2025-09-14 13:22:36,14.788779,-0.055550,33.083897,16.131969,19.485591
2025-09-14 13:22:37,14.824232,-0.055649,33.163871,16.179128,19.532646
2025-09-14 13:22:38,14.859693,-0.055830,33.243857,16.217777,19.579672
2025-09-14 13:22:39,14.895206,-0.055953,33.323715,16.256248,19.626650
2025-09-14 13:22:40,14.930760,-0.056103,33.403616,16.295041,19.673616
2025-09-14 13:22:41,14.966669,-0.056278,33.484493,16.334178,19.721180
2025-09-14 13:22:42,15.002284,-0.056392,33.564354,16.372915,19.768184
2025-09-14 13:22:43,15.038100,-0.056515,33.645244,16.412073,19.815719
2025-09-14 13:22:44,15.073574,-0.056658,33.725128,16.450882,19.862736
2025-09-14 13:22:45,15.108958,-0.056779,33.804997,16.489603,19.909812
2025-09-14 13:22:46,15.144543,-0.056917,33.884780,16.528266,19.956845
2025-09-14 13:22:47,15.179911,-0.057038,33.964502,16.567027,20.003821
2025-09-14 13:22:48,15.215562,-0.057143,34.044196,16.605788,20.050862
2025-09-14 13:22:49,15.251394,-0.057275,34.124220,16.644929,20.097869
2025-09-14 13:22:50,15.286975,-0.057448,34.204171,16.684348,20.144870
2025-09-14 13:22:51,15.322596,-0.057600,34.284225,16.723790,20.191930
2025-09-14 13:22:52,15.358122,-0.057757,34.364255,16.763177,20.238950
2025-09-14 13:22:53,15.393642,-0.057946,34.444260,16.802810,20.285977
2025-09-14 13:22:54,15.429309,-0.028824,34.524326,16.842265,20.332954
2025-09-14 13:22:55,15.465001,-0.028949,34.604321,16.881511,20.379955
2025-09-14 13:22:56,15.500631,-0.029110,34.684274,16.921056,20.427002
2025-09-14 13:22:57,15.536280,-0.029279,34.764255,16.960154,20.473990
2025-09-14 13:22:58,15.571757,-0.029460,34.844267,16.999707,20.521007
2025-09-14 13:22:59,15.607256,-0.029561,34.930919,17.039104,20.568018
2025-09-14 13:23:00,15.642896,-0.029702,35.011040,17.078550,20.615044
2025-09-14 13:23:01,15.680994,-0.029813,35.095585,17.120021,20.664833
2025-09-14 13:23:02,15.717312,-0.029934,35.174400,17.157682,20.711267
2025-09-14 13:23:03,15.753964,-0.030075,35.254046,17.195689,20.758240
2025-09-14 13:23:04,15.790170,-0.030225,35.333795,17.234092,20.805254
2025-09-14 13:23:05,15.825499,-0.030393,35.412814,17.272824,20.851929
2025-09-14 13:23:06,15.861163,-0.030498,35.492846,17.311908,20.898903
2025-09-14 13:23:07,15.896295,-0.030671,35.571963,17.350844,20.945338
2025-09-14 13:23:08,15.931790,-0.030828,35.651920,17.389798,20.992347
2025-09-14 13:23:09,15.967842,-0.030925,35.732913,17.429116,21.039903
2025-09-14 13:23:10,16.003427,-0.031110,35.813024,17.467808,21.086937
2025-09-14 13:23:11,16.039138,-0.031207,35.893198,17.507059,21.133948
2025-09-14 13:23:12,16.074723,-0.031344,35.973274,17.546113,21.180946
2025-09-14 13:23:13,16.110372,-0.031469,36.053367,17.585246,21.228017
2025-09-14 13:23:14,16.146083,-0.031598,36.133419,17.624285,21.275034
2025-09-14 13:23:15,16.181720,-0.031747,36.213349,17.663246,21.322071
2025-09-14 13:23:16,16.217407,-0.031876,36.293412,17.702157,21.369091
2025-09-14 13:23:17,16.253082,-0.032038,36.373582,17.741050,21.416098
2025-09-14 13:23:18,16.289066,-0.032192,36.454533,17.780452,21.463691
2025-09-14 13:23:19,16.324776,-0.032326,36.534523,17.819618,21.510725
2025-09-14 13:23:20,16.360360,-0.032456,36.614514,17.858639,21.557738
2025-09-14 13:23:21,16.396061,-0.032636,36.694450,17.897929,21.604727
2025-09-14 13:23:22,16.431768,-0.032793,36.774551,17.937133,21.651802
2025-09-14 13:23:23,16.467346,-0.032945,36.854605,17.976193,21.698813
2025-09-14 13:23:24,16.503025,-0.033095,36.934572,18.015231,21.745808
2025-09-14 13:23:25,16.538639,-0.033223,37.014580,18.054108,21.792923
2025-09-14 13:23:26,16.574215,-0.033350,37.094423,18.093301,21.839979
2025-09-14 13:23:27,16.609875,-0.033462,37.174475,18.132505,21.886987
2025-09-14 13:23:28,16.645135,-0.033617,37.253513,18.171084,21.933394
2025-09-14 13:23:29,16.680835,-0.033741,37.333497,18.210345,21.980466
2025-09-14 13:23:30,16.716318,-0.033878,37.413549,18.248911,22.027475
2025-09-14 13:23:31,16.751928,-0.034008,37.493514,18.287612,22.074438
2025-09-14 13:23:32,16.789165,-0.034135,37.577255,18.328278,22.123714
2025-09-14 13:23:33,16.824169,-0.034244,37.657222,18.367260,22.170745
2025-09-14 13:23:34,16.859778,-0.034358,37.737292,18.406029,22.217752
2025-09-14 13:23:35,16.895434,-0.034488,37.817156,18.444941,22.264750
2025-09-14 13:23:36,16.930974,-0.034615,37.897094,18.483404,22.311725
2025-09-14 13:23:37,16.966547,-0.034702,37.980360,18.522036,22.358745
2025-09-14 13:23:38,17.002197,-0.034799,38.060284,18.560797,22.405798
2025-09-14 13:23:39,17.037735,-0.034904,38.140215,18.599545,22.452728
2025-09-14 13:23:40,17.073320,-0.035036,38.220050,18.638339,22.499754
2025-09-14 13:23:41,17.108920,-0.035159,38.299882,18.677144,22.546708
2025-09-14 13:23:42,17.144450,-0.035290,38.379680,18.715735,22.593707
2025-09-14 13:23:43,17.180011,-0.035429,38.459707,18.754333,22.640700
2025-09-14 13:23:44,17.215760,-0.035550,38.430568,18.793040,22.687705
2025-09-14 13:23:45,17.251307,-0.035720,38.510452,18.831879,22.734668
2025-09-14 13:23:46,17.287277,-0.035884,38.591353,18.871153,22.782261
2025-09-14 13:23:47,17.323194,-0.036000,38.672214,18.910280,22.829829
2025-09-14 13:23:48,17.358644,-0.036137,38.752014,18.948902,22.876833
2025-09-14 13:23:49,17.394151,-0.036296,38.831687,18.987629,22.923898
2025-09-14 13:23:50,17.429642,-0.036476,38.911496,19.026332,22.970929
2025-09-14 13:23:51,17.465453,-0.036598,38.991511,19.065819,23.017936
2025-09-14 13:23:52,17.501499,-0.036714,39.072403,19.105723,23.065549
2025-09-14 13:23:53,17.537078,-0.036867,39.152385,19.145348,23.112583
2025-09-14 13:23:54,17.572635,-0.036996,39.232260,19.184945,23.159656
2025-09-14 13:23:55,17.607811,-0.037124,39.312256,19.224448,23.206737
2025-09-14 13:23:56,17.643233,-0.037303,39.392189,19.264317,23.253763
2025-09-14 13:23:57,17.678832,-0.037454,39.472244,19.303680,23.300738
2025-09-14 13:23:58,17.715709,-0.037581,39.555057,19.344755,23.349431
2025-09-14 13:23:59,17.751696,-0.037759,39.635924,19.384830,23.396916
2025-09-14 13:24:00,17.787343,-0.037920,39.715869,19.424421,23.443974
2025-09-14 13:24:01,17.822994,-0.038063,39.795812,19.463766,23.490982
2025-09-14 13:24:02,17.858590,-0.038202,39.875857,19.503057,23.538033
2025-09-14 13:24:03,17.894762,-0.038352,39.956753,19.542510,23.585648
2025-09-14 13:24:04,17.931935,-0.038528,40.037474,19.580711,23.633209
2025-09-14 13:24:05,17.968916,-0.038671,40.118097,19.618907,23.680760
2025-09-14 13:24:06,18.005679,-0.038825,40.198865,19.657623,23.728348
2025-09-14 13:24:07,18.042119,-0.038966,40.280726,19.697284,23.776496
2025-09-14 13:24:08,18.077812,-0.039103,40.360768,19.736386,23.823541
2025-09-14 13:24:09,18.113357,-0.039301,40.440859,19.775342,23.870581
2025-09-14 13:24:10,18.148903,-0.039501,40.520724,19.813976,23.917651
2025-09-14 13:24:11,18.184508,-0.039642,40.600730,19.852543,23.964683
2025-09-14 13:24:12,18.220265,-0.039795,40.680756,19.891488,24.011696
2025-09-14 13:24:13,18.256443,-0.039897,40.761759,19.931039,24.059315
2025-09-14 13:24:14,18.292087,-0.040063,40.841811,19.970059,24.106347
2025-09-14 13:24:15,18.328518,-0.040213,40.923847,20.009572,24.154537
2025-09-14 13:24:16,18.364136,-0.040372,41.003798,20.048327,24.201526
2025-09-14 13:24:17,18.399886,-0.040509,41.083811,20.087255,24.248526
2025-09-14 13:24:18,18.435584,-0.040641,41.163779,20.125859,24.295507
2025-09-14 13:24:19,18.470999,-0.040718,41.243698,20.165046,24.342483
2025-09-14 13:24:20,18.506751,-0.040875,41.323723,20.203998,24.389532
2025-09-14 13:24:21,18.542257,-0.041064,41.403919,20.243389,24.436559
2025-09-14 13:24:22,18.577957,-0.041234,41.483839,20.282502,24.483553
2025-09-14 13:24:23,18.654799,-0.041389,41.564005,20.321647,24.530547
2025-09-14 13:24:24,18.690433,-0.041533,41.643990,20.360710,24.577602
2025-09-14 13:24:25,18.726193,-0.041628,41.724091,20.399743,24.624564
2025-09-14 13:24:26,18.762019,-0.041789,41.804043,20.438585,24.671550
2025-09-14 13:24:27,18.797303,-0.041940,41.884119,20.477355,24.718595
2025-09-14 13:24:28,18.832938,-0.042076,41.964080,20.516324,24.765513
2025-09-14 13:24:29,18.868663,-0.042179,42.044190,20.555540,24.812479
2025-09-14 13:24:30,18.904253,-0.042328,42.124246,20.594619,24.859424
2025-09-14 13:24:31,18.939908,-0.042488,42.204305,20.633252,24.906428
2025-09-14 13:24:32,18.975635,-0.042629,42.284422,20.672116,24.953400
2025-09-14 13:24:33,19.011142,-0.042772,42.364484,20.711225,25.000400
2025-09-14 13:24:34,19.046748,-0.042938,42.444466,20.749905,25.047411
2025-09-14 13:24:35,19.082237,-0.043090,42.524525,20.789086,25.094444
2025-09-14 13:24:36,19.117757,-0.043220,42.604534,20.828375,25.141410
2025-09-14 13:24:37,19.153312,-0.043354,42.684384,20.867619,25.188458
2025-09-14 13:24:38,19.188887,-0.043507,42.764355,20.907055,25.235457
2025-09-14 13:24:39,19.224492,-0.043639,42.844356,20.946247,25.282415
2025-09-14 13:24:40,19.259827,-0.043746,42.924336,20.985439,25.329404
2025-09-14 13:24:41,19.295432,-0.043871,43.004205,21.024382,25.376412
2025-09-14 13:24:42,19.330529,-0.044010,43.084050,21.063583,25.423473
2025-09-14 13:24:43,19.366063,-0.044160,43.163979,21.102992,25.470470
2025-09-14 13:24:44,19.401636,-0.044307,43.242978,21.142241,25.517405
2025-09-14 13:24:45,19.437048,-0.044473,43.322864,21.181394,25.564454
2025-09-14 13:24:46,19.472421,-0.044597,43.402790,21.220580,25.611452
2025-09-14 13:24:47,19.507866,-0.044755,43.482753,21.259995,25.658451
2025-09-14 13:24:48,19.543295,-0.044881,43.562674,21.299167,25.705466
2025-09-14 13:24:49,19.578871,-0.045024,43.642601,21.338176,25.752444
2025-09-14 13:24:51,19.614428,-0.045156,43.722349,21.376903,25.799505
2025-09-14 13:24:52,19.650003,-0.045272,43.802069,21.415727,25.846494
2025-09-14 13:24:53,19.684959,-0.045377,43.880812,21.454091,25.892971
2025-09-14 13:24:54,19.720569,-0.045481,43.960855,21.493430,25.940001
2025-09-14 13:24:55,19.756096,-0.045684,44.040776,21.532630,25.987029
2025-09-14 13:24:56,19.791833,-0.045815,44.120854,21.571477,26.034058
2025-09-14 13:24:57,19.827453,-0.045957,44.200888,21.610334,26.081044
2025-09-14 13:24:58,19.863154,-0.046070,44.280881,21.649066,26.128031
2025-09-14 13:24:59,19.898854,-0.046221,44.360882,21.688132,26.175058
2025-09-14 13:25:00,19.934409,-0.046389,44.440973,21.727192,26.222199
2025-09-14 13:25:01,19.970103,-0.046521,44.520952,21.766127,26.269205
2025-09-14 13:25:02,20.005829,-0.046648,44.600963,21.804960,26.316250
2025-09-14 13:25:03,20.041608,-0.046787,44.680980,21.844326,26.363225
2025-09-14 13:25:04,20.077229,-0.046893,44.760931,21.883522,26.410178
2025-09-14 13:25:05,20.112904,-0.047046,44.840862,21.922124,26.457179
2025-09-14 13:25:06,20.148591,-0.047146,44.920905,21.960806,26.504212
2025-09-14 13:25:07,20.184255,-0.047298,45.000937,21.999737,26.551229
2025-09-14 13:25:08,20.219869,-0.047465,45.081045,22.038495,26.598287
2025-09-14 13:25:09,20.255509,-0.047688,45.160990,22.076610,26.645340
2025-09-14 13:25:10,20.291230,-0.047860,45.240988,22.115694,26.692371
2025-09-14 13:25:11,20.326784,-0.047981,45.320961,22.154595,26.739403
2025-09-14 13:25:12,20.362455,-0.048131,45.400959,22.193552,26.786400
2025-09-14 13:25:13,20.397995,-0.048309,45.481011,22.232551,26.833328
2025-09-14 13:25:14,20.433597,-0.048404,45.561084,22.271795,26.880371
2025-09-14 13:25:15,20.469243,-0.048456,45.641077,22.310723,26.927393
2025-09-14 13:25:16,20.505092,-0.048615,45.721072,22.349457,26.974432
2025-09-14 13:25:17,20.540885,-0.048777,45.801073,22.389131,27.021444
2025-09-14 13:25:18,20.576535,-0.048941,45.881082,22.428237,27.068430
2025-09-14 13:25:19,20.611795,-0.049091,45.960253,22.466842,27.114851
2025-09-14 13:25:20,20.648167,-0.049220,46.040160,22.505345,27.161828
2025-09-14 13:25:21,20.684873,-0.049386,46.119945,22.543191,27.208895
2025-09-14 13:25:22,20.720658,-0.049519,46.200061,22.582392,27.255897
2025-09-14 13:25:23,20.756323,-0.049655,46.280167,22.621711,27.302929
2025-09-14 13:25:24,20.792006,-0.049742,46.360126,22.660996,27.349895
2025-09-14 13:25:25,20.827712,-0.049885,46.440169,22.700347,27.396920
2025-09-14 13:25:26,20.863417,-0.049987,46.520123,22.739764,27.444016
2025-09-14 13:25:27,20.899162,-0.050140,46.600154,22.779278,27.491108
2025-09-14 13:25:28,20.934919,-0.050283,46.680174,22.818536,27.538119
2025-09-14 13:25:29,20.970669,-0.050410,46.760205,22.857819,27.585154
2025-09-14 13:25:30,21.006409,-0.050581,46.840269,22.897248,27.632127
2025-09-14 13:25:31,21.041953,-0.050658,46.920312,22.936456,27.679107
2025-09-14 13:25:32,21.077680,-0.050852,47.000384,22.975562,27.726149
2025-09-14 13:25:33,21.113461,-0.050960,47.080362,23.015078,27.773101
2025-09-14 13:25:34,21.149059,-0.051118,47.160421,23.054417,27.820127
2025-09-14 13:25:35,21.184780,-0.051234,47.240485,23.093532,27.867164
2025-09-14 13:25:36,21.220497,-0.051397,47.320400,23.133560,27.914109
2025-09-14 13:25:37,21.256299,-0.051518,47.400485,23.172855,27.961128
2025-09-14 13:25:38,21.292100,-0.051679,47.480597,23.212064,28.008143
2025-09-14 13:25:39,21.327652,-0.051825,47.560644,23.251541,28.055184
2025-09-14 13:25:40,21.362859,-0.051964,47.639761,23.290223,28.101628
2025-09-14 13:25:41,21.398550,-0.052096,47.719869,23.329230,28.148643
2025-09-14 13:25:42,21.434266,-0.052234,47.799944,23.368552,28.195633
2025-09-14 13:25:43,21.469943,-0.052400,47.879980,23.407321,28.242692
2025-09-14 13:25:44,21.505462,-0.052519,47.959993,23.446480,28.289669
2025-09-14 13:25:45,21.541128,-0.052630,48.040035,23.485628,28.336629
2025-09-14 13:25:46,21.576904,-0.052774,48.120121,23.524836,28.383615
2025-09-14 13:25:47,21.612561,-0.052948,48.200148,23.564329,28.430641
2025-09-14 13:25:48,21.648204,-0.053133,48.280100,23.603526,28.477674
2025-09-14 13:25:49,21.683819,-0.053221,48.360099,23.642945,28.524706
2025-09-14 13:25:50,21.719476,-0.053378,48.440051,23.698776,28.571654
2025-09-14 13:25:51,21.757729,-0.053495,48.520056,23.737038,28.618685
2025-09-14 13:25:52,21.793421,-0.053608,48.600093,23.777725,28.665716
2025-09-14 13:25:53,21.829077,-0.053772,48.680033,23.816395,28.712736
2025-09-14 13:25:54,21.864767,-0.053933,48.759861,23.854770,28.759719
2025-09-14 13:25:55,21.900427,-0.054042,48.839912,23.893111,28.806774
2025-09-14 13:25:56,21.935956,-0.054175,48.919945,23.931429,28.853761
2025-09-14 13:25:57,21.971187,-0.054302,48.998968,23.969355,28.900212
2025-09-14 13:25:58,22.006838,-0.054447,49.079071,24.007851,28.947171
2025-09-14 13:25:59,22.042493,-0.054566,49.159061,24.046574,28.994197
2025-09-14 13:26:00,22.078274,-0.054656,49.239024,24.084855,29.041231
2025-09-14 13:26:01,22.113838,-0.054722,49.319042,24.123228,29.088267
2025-09-14 13:26:02,22.149464,-0.054847,49.399013,24.161514,29.135265
2025-09-14 13:26:03,22.184757,-0.055004,49.478923,24.200040,29.182291
2025-09-14 13:26:04,22.220850,-0.055116,49.559032,24.237995,29.229275
2025-09-14 13:26:05,22.256359,-0.055253,49.639208,24.276240,29.276270
2025-09-14 13:26:06,22.292126,-0.055371,49.719174,24.314752,29.323325
2025-09-14 13:26:07,22.327650,-0.055473,49.799262,24.352829,29.370323
2025-09-14 13:26:08,22.363233,-0.055584,49.879180,24.391148,29.417372
2025-09-14 13:26:09,22.398764,-0.055778,49.959206,24.429117,29.464368
2025-09-14 13:26:10,22.434469,-0.055894,50.039205,24.467417,29.511397
2025-09-14 13:26:11,22.470140,-0.056030,50.119207,24.505391,29.558414
2025-09-14 13:26:12,22.505801,-0.056149,50.199234,24.543409,29.605413
2025-09-14 13:26:13,22.541450,-0.056292,50.279239,24.581271,29.652441
2025-09-14 13:26:14,22.577150,-0.056446,50.359133,24.619608,29.699444
2025-09-14 13:26:15,22.612821,-0.056560,50.439163,24.657715,29.746477
2025-09-14 13:26:16,22.648376,-0.056667,50.519174,24.695640,29.794152
2025-09-14 13:26:17,22.684087,-0.056792,50.599259,24.733824,29.841178
2025-09-14 13:26:18,22.719746,-0.056947,50.679333,24.772107,29.888226
2025-09-14 13:26:19,22.755351,-0.057092,50.759323,24.810062,29.935297
2025-09-14 13:26:20,22.791211,-0.057201,50.839374,24.848111,29.982321
2025-09-14 13:26:21,22.826851,-0.057336,50.919402,24.886398,30.029366
2025-09-14 13:26:22,22.862396,-0.057492,50.999355,24.924343,30.076412
2025-09-14 13:26:23,22.898107,-0.057693,51.079307,24.962293,30.123420
2025-09-14 13:26:24,22.933793,-0.057811,51.159350,25.000335,30.170489
2025-09-14 13:26:25,22.969458,-0.057907,51.239265,25.038669,30.217539
2025-09-14 13:26:26,23.005048,-0.058077,51.319257,25.076889,30.264554
2025-09-14 13:26:27,23.040763,-0.058179,51.399355,25.115187,30.311595
2025-09-14 13:26:28,23.076358,-0.058369,51.479406,25.153333,30.358648
2025-09-14 13:26:29,23.111847,-0.058541,51.559484,25.191382,30.405692
2025-09-14 13:26:30,23.147533,-0.058687,51.639463,25.229659,30.452731
2025-09-14 13:26:31,23.182896,-0.058842,51.719080,25.268754,30.499765
2025-09-14 13:26:32,23.218645,-0.059012,51.798978,25.307497,30.546827
2025-09-14 13:26:33,23.254222,-0.059151,51.878985,25.346032,30.593870
2025-09-14 13:26:34,23.289676,-0.059273,51.959145,25.384628,30.640910
2025-09-14 13:26:35,23.325236,-0.059440,52.039188,25.423211,30.687912
2025-09-14 13:26:36,23.360971,-0.059633,52.119234,25.461883,30.734862
2025-09-14 13:26:37,23.396697,-0.059710,52.199353,25.500643,30.781950
2025-09-14 13:26:38,23.432279,-0.059881,52.279339,25.538730,30.828957
2025-09-14 13:26:39,23.467993,-0.060028,52.359243,25.577489,30.876001
2025-09-14 13:26:40,23.503662,-0.060172,52.439187,25.615966,30.923137
2025-09-14 13:26:41,23.539304,-0.060361,52.519365,25.654684,30.970208
2025-09-14 13:26:42,23.574833,-0.060474,52.599377,25.693320,31.017162
2025-09-14 13:26:43,23.610458,-0.060563,52.679273,25.731820,31.064232
2025-09-14 13:26:44,23.646102,-0.060731,52.759387,25.770441,31.111247
2025-09-14 13:26:45,23.682461,-0.119342,52.839191,25.808776,31.158335
2025-09-14 13:26:46,23.718803,-0.119510,52.919046,25.846526,31.204760
2025-09-14 13:26:47,23.754447,-0.119649,52.999058,25.885511,31.251867
2025-09-14 13:26:48,23.790157,-0.119824,53.079007,25.925129,31.298918
2025-09-14 13:26:49,23.825748,-0.119955,53.158979,25.964168,31.345995
2025-09-14 13:26:50,23.861256,-0.120060,53.238989,26.006818,31.393023
2025-09-14 13:26:51,23.896719,-0.120187,53.319110,26.045755,31.440072
2025-09-14 13:26:52,23.932463,-0.120392,53.399140,26.085175,31.487150
2025-09-14 13:26:53,23.968016,-0.120536,53.479187,26.124320,31.534183
2025-09-14 13:26:54,24.003814,-0.120629,53.559255,26.163423,31.581201
2025-09-14 13:26:55,24.039574,-0.120763,53.639314,26.202583,31.628203
2025-09-14 13:26:56,24.075165,-0.119958,53.719316,26.241716,31.675251
2025-09-14 13:26:57,24.110822,-0.120078,53.799274,26.280961,31.722276
2025-09-14 13:26:58,24.146547,-0.120210,53.879268,26.320447,31.769303
2025-09-14 13:26:59,24.182179,-0.120397,53.959334,26.359460,31.816271
2025-09-14 13:27:00,24.217768,-0.120517,54.039356,26.398609,31.863308
2025-09-14 13:27:01,24.253548,-0.120638,54.119459,26.437897,31.910359
2025-09-14 13:27:02,24.289175,-0.120792,54.199581,26.476877,31.957409
2025-09-14 13:27:03,24.324792,-0.120929,54.279632,26.515961,32.004425
2025-09-14 13:27:04,24.360375,-0.121066,54.359584,26.555128,32.051473
2025-09-14 13:27:05,24.396017,-0.121232,54.438619,26.594368,32.098511
2025-09-14 13:27:06,24.431601,-0.121302,54.518574,26.633483,32.145582
2025-09-14 13:27:07,24.467189,-0.121457,54.598623,26.672669,32.192647
2025-09-14 13:27:08,24.502907,-0.121677,54.678672,26.711469,32.239716
2025-09-14 13:27:09,24.538632,-0.121784,54.758629,26.750579,32.286769
2025-09-14 13:27:10,24.574271,-0.121929,54.838729,26.789679,32.333792
2025-09-14 13:27:11,24.609452,-0.122075,54.917821,26.828524,32.380265
2025-09-14 13:27:12,24.645177,-0.122178,54.997868,26.867675,32.427315
2025-09-14 13:27:13,24.680728,-0.122328,55.077874,26.906717,32.474265
2025-09-14 13:27:14,24.716334,-0.122475,55.159128,26.945957,32.521298
2025-09-14 13:27:15,24.752050,-0.122587,55.239106,26.985568,32.568290
2025-09-14 13:27:16,24.787594,-0.122717,55.319179,27.024828,32.615319
2025-09-14 13:27:17,24.823207,-0.122891,55.399110,27.064112,32.662413
2025-09-14 13:27:18,24.858893,-0.123092,55.479074,27.103373,32.709416
2025-09-14 13:27:19,24.894480,-0.123271,55.559145,27.142303,32.756440
2025-09-14 13:27:20,24.930127,-0.123449,55.639136,27.181193,32.803487
2025-09-14 13:27:21,24.965786,-0.123610,55.719145,27.220319,32.850459
2025-09-14 13:27:22,25.001498,-0.123781,55.799280,27.258918,32.897494
2025-09-14 13:27:23,25.036935,-0.123886,55.879298,27.298050,32.944525
2025-09-14 13:27:24,25.072714,-0.124065,55.959185,27.337564,32.991502
2025-09-14 13:27:25,25.108242,-0.124179,56.039124,27.376607,33.038454
2025-09-14 13:27:26,25.143853,-0.124304,56.118911,27.416266,33.085475
2025-09-14 13:27:27,25.179346,-0.124482,56.198959,27.455236,33.132528
2025-09-14 13:27:28,25.214568,-0.124629,56.278975,27.494337,33.179013
2025-09-14 13:27:29,25.250057,-0.124788,56.358696,27.533102,33.225991
2025-09-14 13:27:30,25.285462,-0.124941,56.438563,27.571825,33.273003
2025-09-14 13:27:31,25.320994,-0.125096,56.518551,27.610953,33.320011
2025-09-14 13:27:32,25.356744,-0.125235,56.598600,27.649927,33.367045
2025-09-14 13:27:33,25.392332,-0.125360,56.678586,27.689045,33.414085
2025-09-14 13:27:34,25.427932,-0.125507,56.758578,27.727620,33.461100
2025-09-14 13:27:35,25.463430,-0.125698,56.838603,27.768125,33.508096
2025-09-14 13:27:36,25.499141,-0.125806,56.918617,27.807168,33.555111
2025-09-14 13:27:37,25.534779,-0.125928,56.998681,27.846261,33.602129
2025-09-14 13:27:38,25.570336,-0.126112,57.078662,27.885481,33.649158
2025-09-14 13:27:39,25.605896,-0.126235,57.158750,27.924428,33.699875
2025-09-14 13:27:40,25.641565,-0.126367,57.238782,27.963297,33.746913
2025-09-14 13:27:41,25.676764,-0.126549,57.317836,28.002115,33.793370
2025-09-14 13:27:42,25.712344,-0.126628,57.397860,28.041277,33.840392
2025-09-14 13:27:43,25.748602,-0.126763,57.477778,28.079772,33.887423
2025-09-14 13:27:44,25.785025,-0.126926,57.557625,28.117810,33.934446
2025-09-14 13:27:45,25.820632,-0.127120,57.637627,28.156970,33.981381
2025-09-14 13:27:46,25.856214,-0.127220,57.717603,28.196659,34.028413
2025-09-14 13:27:47,25.891912,-0.127325,57.797750,28.236197,34.075399
2025-09-14 13:27:48,25.927575,-0.127432,57.877749,28.276327,34.122335
2025-09-14 13:27:49,25.963293,-0.127598,57.957816,28.315745,34.169353
2025-09-14 13:27:50,25.998827,-0.127750,58.037815,28.355290,34.216411
2025-09-14 13:27:51,26.034437,-0.127936,58.117901,28.395005,34.263433
2025-09-14 13:27:52,26.069945,-0.128057,58.197871,28.434039,34.310405
2025-09-14 13:27:53,26.105681,-0.128175,58.277913,28.473406,34.356855
2025-09-14 13:27:54,25.976943,-0.128314,58.358038,28.512951,34.403832
2025-09-14 13:27:55,26.012460,-0.128439,58.438113,28.552654,34.450888
2025-09-14 13:27:56,26.048072,-0.128605,58.518214,28.592273,34.497922
2025-09-14 13:27:57,26.083597,-0.128769,58.598187,28.632101,34.544944
2025-09-14 13:27:58,26.119176,-0.128905,58.678204,28.671976,34.591987
2025-09-14 13:27:59,26.154770,-0.129065,58.757351,28.711416,34.638998
2025-09-14 13:28:00,26.190384,-0.129226,58.837501,28.750952,34.686036
2025-09-14 13:28:01,26.225924,-0.129428,58.917534,28.790343,34.733038
2025-09-14 13:28:02,26.261623,-0.129576,58.997574,28.830267,34.780105
2025-09-14 13:28:03,26.297109,-0.129715,59.077613,28.869782,34.827067
2025-09-14 13:28:04,26.332814,-0.129793,59.157710,28.909198,34.874126
2025-09-14 13:28:05,26.368462,-0.129892,59.237752,28.948666,34.921192
2025-09-14 13:28:06,26.404173,-0.129992,59.317899,28.989677,34.968196
2025-09-14 13:28:07,26.439775,-0.130125,59.397924,29.029697,35.015247
2025-09-14 13:28:08,26.475389,-0.130204,59.477969,29.069352,35.062270
2025-09-14 13:28:09,26.511105,-0.130347,59.558062,29.108913,35.109341
2025-09-14 13:28:10,26.546663,-0.072035,59.638000,29.148332,35.156313
2025-09-14 13:28:11,26.582332,-0.072151,59.717980,29.187871,35.203256
2025-09-14 13:28:12,26.618012,-0.072296,59.798041,29.227456,35.250212
2025-09-14 13:28:13,26.653650,-0.072483,59.878131,29.266964,35.297201
2025-09-14 13:28:14,26.689410,-0.072619,59.958208,29.305905,35.344183
2025-09-14 13:28:15,26.725069,-0.072785,60.038098,29.344717,35.391191
2025-09-14 13:28:16,26.760642,-0.072895,60.118180,29.383371,35.438241
2025-09-14 13:28:17,26.796303,-0.073024,60.198099,29.422142,35.485261
2025-09-14 13:28:18,26.831926,-0.073207,60.278136,29.461002,35.532289
2025-09-14 13:28:19,26.867596,-0.073334,60.358166,29.499928,35.579274
2025-09-14 13:28:20,26.903298,-0.073491,60.438123,29.539151,35.626335
2025-09-14 13:28:21,26.938903,-0.073643,60.518214,29.578409,35.673349
2025-09-14 13:28:22,26.974548,-0.073721,60.601688,29.617430,35.720315
2025-09-14 13:28:23,27.010296,-0.073854,60.681816,29.656438,35.767357
2025-09-14 13:28:24,27.046136,-0.073998,60.761815,29.695458,35.819520
2025-09-14 13:28:25,27.081346,-0.074177,60.841881,29.734603,35.866544
2025-09-14 13:28:26,27.116836,-0.074296,60.921934,29.773533,35.913512
2025-09-14 13:28:27,27.152488,-0.074371,61.001674,29.812401,35.960562
2025-09-14 13:28:28,27.188067,-0.074544,61.081535,29.851261,36.007568
2025-09-14 13:28:29,27.223728,-0.074728,61.161627,29.890227,36.054556
2025-09-14 13:28:30,27.259392,-0.074917,61.241586,29.929485,36.101551
2025-09-14 13:28:31,27.295083,-0.075055,61.321498,29.969081,36.148574
2025-09-14 13:28:32,27.330913,-0.075130,61.401613,30.008543,36.195620
2025-09-14 13:28:33,27.366641,-0.075295,61.481607,30.048267,36.242611
2025-09-14 13:28:34,27.402249,-0.075429,61.561648,30.087487,36.289586
2025-09-14 13:28:35,27.437978,-0.075579,61.641659,30.127165,36.336661
2025-09-14 13:28:36,27.473677,-0.075727,61.721728,30.166483,36.383710
2025-09-14 13:28:37,27.509354,-0.075867,61.801823,30.205959,36.430749
2025-09-14 13:28:38,27.545085,-0.076027,61.881744,30.244927,36.477743
2025-09-14 13:28:39,27.580739,-0.076170,61.961746,30.284607,36.524756
2025-09-14 13:28:40,27.616324,-0.076254,62.041724,30.323875,36.571740
2025-09-14 13:28:41,27.652368,-0.076377,62.121742,30.362717,36.618764
2025-09-14 13:28:42,27.689046,-0.076570,62.201501,30.400744,36.665864
2025-09-14 13:28:43,27.724697,-0.076687,62.281488,30.439916,36.712917
2025-09-14 13:28:44,27.760533,-0.076814,62.361487,30.479333,36.759924
2025-09-14 13:28:45,27.796123,-0.076971,62.441574,30.518705,36.806926
2025-09-14 13:28:46,27.831873,-0.077093,62.521610,30.558142,36.854005
2025-09-14 13:28:47,27.867627,-0.077257,62.601609,30.597454,36.900984
2025-09-14 13:28:48,27.902829,-0.077412,62.681667,30.636654,36.947981
2025-09-14 13:28:49,27.938587,-0.077528,62.761699,30.676308,36.994992
2025-09-14 13:28:50,27.974198,-0.077664,62.841747,30.715064,37.042086
2025-09-14 13:28:51,28.009823,-0.077822,62.921824,30.754616,37.089095
2025-09-14 13:28:52,28.045348,-0.078013,63.001841,30.793820,37.136158
2025-09-14 13:28:53,28.081093,-0.078167,63.081862,30.833047,37.183127
2025-09-14 13:28:54,28.116705,-0.078335,63.161949,30.872479,37.230217
2025-09-14 13:28:55,28.152355,-0.078435,63.241979,30.911837,37.277238
2025-09-14 13:28:56,28.187971,-0.078556,63.321969,30.951338,37.324320
2025-09-14 13:28:57,28.223549,-0.078675,63.402001,30.998971,37.371373
2025-09-14 13:28:58,28.259084,-0.078808,63.482010,31.038443,37.418323
2025-09-14 13:28:59,28.294684,-0.078945,63.561887,31.078013,37.465335
2025-09-14 13:29:00,28.330203,-0.079127,63.641998,31.117191,37.512390
2025-09-14 13:29:01,28.365736,-0.079314,63.722080,31.156699,37.559366
2025-09-14 13:29:02,28.401376,-0.079488,63.802127,31.196234,37.606392
2025-09-14 13:29:03,28.436927,-0.079670,63.882115,31.235509,37.653431
2025-09-14 13:29:04,28.472548,-0.079800,63.962077,31.274648,37.700503
2025-09-14 13:29:05,28.508200,-0.079903,64.042027,31.314326,37.747507
2025-09-14 13:29:06,28.543735,-0.080037,64.121987,31.353485,37.794507
2025-09-14 13:29:07,28.579210,-0.080228,64.202137,31.392451,37.841506
2025-09-14 13:29:08,28.614720,-0.080319,64.282121,31.431906,37.888510
2025-09-14 13:29:09,28.650429,-0.080483,64.362103,31.471405,37.935544
2025-09-14 13:29:10,28.686026,-0.080589,64.442112,31.510632,37.982594
2025-09-14 13:29:11,28.721688,-0.080762,64.522257,31.550243,38.029612
2025-09-14 13:29:12,28.757298,-0.080873,64.602267,31.589401,38.076624
2025-09-14 13:29:13,28.792889,-0.081024,64.682332,31.628546,38.123585
2025-09-14 13:29:14,28.828719,-0.081130,64.762334,31.667950,38.170600
2025-09-14 13:29:15,28.864302,-0.081271,64.842354,31.707014,38.217633
2025-09-14 13:29:16,28.899985,-0.081413,64.922348,31.746358,38.264616
2025-09-14 13:29:17,28.935586,-0.081599,65.002352,31.785966,38.311661
2025-09-14 13:29:18,28.971158,-0.081738,65.082273,31.824802,38.358678
2025-09-14 13:29:19,29.006892,-0.081859,65.166860,31.864013,38.405734
2025-09-14 13:29:20,29.042495,-0.081943,65.246772,31.903014,38.452770
2025-09-14 13:29:21,29.078090,-0.082066,65.326871,31.942127,38.499714
2025-09-14 13:29:22,29.113793,-0.082186,65.406810,31.981627,38.546734
2025-09-14 13:29:23,29.149517,-0.082331,65.486751,32.020499,38.593716
2025-09-14 13:29:24,29.185107,-0.082443,65.566704,32.059985,38.640710
2025-09-14 13:29:25,29.220209,-0.082554,65.645629,32.098568,38.687169
2025-09-14 13:29:26,29.255656,-0.082679,65.725377,32.137547,38.734183
2025-09-14 13:29:27,29.291293,-0.082834,65.805300,32.177164,38.781184
2025-09-14 13:29:28,29.327074,-0.082980,65.885361,32.216773,38.828868
2025-09-14 13:29:29,29.362617,-0.083196,65.965456,32.255867,38.875894
2025-09-14 13:29:30,29.397706,-0.083380,66.044523,32.294858,38.922362
2025-09-14 13:29:31,29.433301,-0.083539,66.124569,32.334082,38.969435
2025-09-14 13:29:32,29.468874,-0.083683,66.204668,32.373498,39.016459
2025-09-14 13:29:33,29.504454,-0.083867,66.284641,32.412936,39.063481
2025-09-14 13:29:34,29.539619,-0.083981,66.364741,32.452439,39.110518
2025-09-14 13:29:35,29.575177,-0.084110,66.444766,32.491790,39.157506
2025-09-14 13:29:36,29.611574,-0.084208,66.524828,32.531090,39.204508
2025-09-14 13:29:37,29.647164,-0.084383,66.604823,32.570209,39.251504
2025-09-14 13:29:38,29.682887,-0.084469,66.684858,32.609561,39.298524
2025-09-14 13:29:39,29.718671,-0.084629,66.764872,32.648424,39.345569
2025-09-14 13:29:40,29.754938,-0.084736,66.843661,32.685981,39.392091
2025-09-14 13:29:41,29.790760,-0.084881,66.923607,32.724442,39.439111
2025-09-14 13:29:42,29.826368,-0.085024,67.003706,32.764049,39.486192
2025-09-14 13:29:43,29.862017,-0.085227,67.083819,32.803778,39.533139
2025-09-14 13:29:44,29.897685,-0.085331,67.163824,32.843347,39.580193
2025-09-14 13:29:46,29.933174,-0.085466,67.243829,32.882882,39.627186
2025-09-14 13:29:47,29.968848,-0.085593,67.323842,32.922435,39.674229
2025-09-14 13:29:48,30.004619,-0.085755,67.403940,32.961981,39.721314
2025-09-14 13:29:49,30.039888,-0.085853,67.483105,33.000640,39.767776
2025-09-14 13:29:50,30.075552,-0.086002,67.563187,33.040138,39.814781
2025-09-14 13:29:51,30.111263,-0.086185,67.643229,33.079364,39.861813
2025-09-14 13:29:52,30.146992,-0.086369,67.723194,33.118682,39.908830
2025-09-14 13:29:53,30.182583,-0.086533,67.803205,33.158237,39.955879
2025-09-14 13:29:54,30.218178,-0.086672,67.883247,33.197677,40.002910
2025-09-14 13:29:55,30.253811,-0.086828,67.963314,33.237156,40.049952
2025-09-14 13:29:56,30.289532,-0.086940,68.043327,33.276245,40.100645
2025-09-14 13:29:57,30.325198,-0.087047,68.123442,33.315895,40.147637
2025-09-14 13:29:58,30.360691,-0.087190,68.203435,33.355632,40.194642
2025-09-14 13:29:59,30.396527,-0.087363,68.283438,33.395000,40.241662
2025-09-14 13:30:00,30.432092,-0.087527,68.363572,33.434356,40.288706
2025-09-14 13:30:01,30.467716,-0.087608,68.443483,33.473613,40.335796
2025-09-14 13:30:02,30.503453,-0.087793,68.523456,33.513052,40.382797
2025-09-14 13:30:03,30.539199,-0.087977,68.603541,33.519131,40.429808
2025-09-14 13:30:04,30.574696,-0.088104,68.683506,33.558079,40.476866
2025-09-14 13:30:05,30.610282,-0.088300,68.763602,33.597669,40.523894
2025-09-14 13:30:06,30.645991,-0.088482,68.843547,33.637030,40.570939
2025-09-14 13:30:07,30.681699,-0.088632,68.923648,33.676758,40.618015
2025-09-14 13:30:08,30.717278,-0.088775,69.003746,33.716199,40.665071
2025-09-14 13:30:09,30.752952,-0.088928,69.083812,33.755793,40.712107
2025-09-14 13:30:10,30.788612,-0.089010,69.163812,33.795366,40.759095
2025-09-14 13:30:11,30.824224,-0.089110,69.243863,33.834674,40.806110
2025-09-14 13:30:12,30.859934,-0.089255,69.323854,33.873678,40.853138
2025-09-14 13:30:13,30.895569,-0.089428,69.403836,33.912868,40.900200
2025-09-14 13:30:14,30.931055,-0.089557,69.482949,33.952231,40.947295
2025-09-14 13:30:15,30.966631,-0.089685,69.562978,33.991462,40.994309
2025-09-14 13:30:16,31.002152,-0.089846,69.642937,34.030838,41.041349
2025-09-14 13:30:17,31.037536,-0.089967,69.722939,34.070111,41.088387
2025-09-14 13:30:18,31.073207,-0.090065,69.802913,34.109641,41.135408
2025-09-14 13:30:19,31.108762,-0.090213,69.882950,34.151164,41.182485
2025-09-14 13:30:20,31.144440,-0.090349,69.962855,34.190407,41.229556
2025-09-14 13:30:21,31.180089,-0.090510,70.042848,34.231915,41.276608
2025-09-14 13:30:22,31.215638,-0.090658,70.122969,34.271437,41.323606
2025-09-14 13:30:23,31.251204,-0.090817,70.202910,34.310463,41.370577
2025-09-14 13:30:24,31.286718,-0.090958,70.282881,34.349440,41.417565
2025-09-14 13:30:25,31.321722,-0.091120,70.361561,34.387812,41.464076
2025-09-14 13:30:26,31.357295,-0.091268,70.441544,34.427376,41.511024
2025-09-14 13:30:27,31.392938,-0.091368,70.521517,34.466631,41.558081
2025-09-14 13:30:28,31.428543,-0.091504,70.601672,34.505903,41.605079
2025-09-14 13:30:29,31.464212,-0.091636,70.681600,34.545242,41.652064
2025-09-14 13:30:30,31.499820,-0.091789,70.761680,34.584953,41.699094
2025-09-14 13:30:31,31.535575,-0.091857,70.841637,34.624364,41.746123
2025-09-14 13:30:32,31.571237,-0.092023,70.921686,34.663492,41.793124
2025-09-14 13:30:33,31.606676,-0.092158,71.001745,34.702891,41.840089
2025-09-14 13:30:34,31.642263,-0.092262,71.081708,34.741972,41.887137
2025-09-14 13:30:35,31.677922,-0.092428,71.161703,34.781284,41.934236
2025-09-14 13:30:36,31.713567,-0.092596,71.241752,34.820388,41.981251
2025-09-14 13:30:37,31.749179,-0.092676,71.321793,34.859623,42.028293
2025-09-14 13:30:38,31.784975,-0.092870,71.401890,34.898813,42.075340
2025-09-14 13:30:39,31.821808,-0.093038,71.481575,34.936616,42.122301
2025-09-14 13:30:40,31.857821,-0.093247,71.561595,34.975244,42.169370
2025-09-14 13:30:41,31.893474,-0.093338,71.641634,35.014772,42.216411
2025-09-14 13:30:42,31.929104,-0.093472,71.721667,35.054441,42.263450
2025-09-14 13:30:43,31.964715,-0.093649,71.801709,35.094363,42.310511
2025-09-14 13:30:44,32.000383,-0.093795,71.881725,35.133891,42.357600
2025-09-14 13:30:45,32.036226,-0.093977,71.961726,35.173430,42.404597
2025-09-14 13:30:46,32.071922,-0.094116,72.041866,35.213064,42.451573
2025-09-14 13:30:47,32.107567,-0.094191,72.121952,35.252368,42.498604
2025-09-14 13:30:48,32.143154,-0.094323,72.202038,35.291945,42.545647
2025-09-14 13:30:49,32.178831,-0.094510,72.282090,35.331454,42.592648
2025-09-14 13:30:50,32.214524,-0.094639,72.362182,35.371317,42.639642
2025-09-14 13:30:51,32.250206,-0.094712,72.442201,35.411216,42.686638
2025-09-14 13:30:52,32.285792,-0.094882,72.522226,35.451022,42.733657
2025-09-14 13:30:53,32.320652,-0.095080,72.601345,35.490088,42.780152
2025-09-14 13:30:54,32.356467,-0.095222,72.681348,35.529755,42.827115
2025-09-14 13:30:55,32.392152,-0.095358,72.761469,35.569140,42.874111
2025-09-14 13:30:56,32.427741,-0.095549,72.841471,35.608577,42.921200
2025-09-14 13:30:57,32.464231,-0.095683,72.920557,35.647641,42.967754
2025-09-14 13:30:58,32.499800,-0.095856,73.000558,35.687123,43.014782
2025-09-14 13:30:59,32.535419,-0.095992,73.080685,35.726856,43.061779
2025-09-14 13:31:00,32.570885,-0.096147,73.160743,35.766450,43.108791
2025-09-14 13:31:01,32.606492,-0.096274,73.240757,35.806138,43.155806
2025-09-14 13:31:02,32.642213,-0.096456,73.320772,35.845441,43.202840
2025-09-14 13:31:03,32.677487,-0.096559,73.399884,35.884617,43.249332
2025-09-14 13:31:04,32.713118,-0.096695,73.479937,35.924229,43.296336
2025-09-14 13:31:05,32.748823,-0.096793,73.559998,35.963547,43.343382
2025-09-14 13:31:06,32.784417,-0.096952,73.640072,36.003131,43.390429
2025-09-14 13:31:07,32.820001,-0.097041,73.720037,36.042900,43.437494
2025-09-14 13:31:08,32.855646,-0.097189,73.800119,36.082891,43.484478
2025-09-14 13:31:09,32.891246,-0.097384,73.880162,36.123006,43.531503
2025-09-14 13:31:10,32.926771,-0.097539,73.960271,36.162591,43.578472
2025-09-14 13:31:11,32.962429,-0.097689,74.040277,36.202301,43.625451
2025-09-14 13:31:12,32.998185,-0.097812,74.120330,36.241759,43.672378
2025-09-14 13:31:13,33.033729,-0.097969,74.200390,36.281023,43.719381
2025-09-14 13:31:14,33.069398,-0.098130,74.280355,36.320439,43.766308
2025-09-14 13:31:15,33.105065,-0.098249,74.360404,36.360171,43.813346
2025-09-14 13:31:16,33.140705,-0.098371,74.440480,36.399473,43.860396
2025-09-14 13:31:17,33.176288,-0.098551,74.520599,36.439192,43.907493
2025-09-14 13:31:18,33.211847,-0.098704,74.600663,36.478863,43.954428
2025-09-14 13:31:19,33.247547,-0.098797,74.680577,36.517974,44.001412
2025-09-14 13:31:20,33.283137,-0.098970,74.760619,36.557391,44.048387
2025-09-14 13:31:21,33.318747,-0.099140,74.840665,36.597196,44.095409
2025-09-14 13:31:22,33.354218,-0.099307,74.920576,36.636327,44.144894
2025-09-14 13:31:23,33.389667,-0.099443,75.000192,36.674971,44.191912
2025-09-14 13:31:24,33.425403,-0.099607,75.080188,36.714465,44.238924
2025-09-14 13:31:25,33.460859,-0.099780,75.160301,36.754062,44.285932
2025-09-14 13:31:26,33.496614,-0.099987,75.240386,36.793828,44.333011
2025-09-14 13:31:27,33.532394,-0.100127,75.320387,36.833433,44.380050
2025-09-14 13:31:28,33.568078,-0.100248,75.400392,36.873259,44.430775
2025-09-14 13:31:29,33.602851,-0.100409,75.479456,36.912477,44.477220
2025-09-14 13:31:30,33.638563,-0.100584,75.559408,36.952253,44.524242
2025-09-14 13:31:31,33.674295,-0.100720,75.639395,36.991941,44.571281
2025-09-14 13:31:32,33.710003,-0.100901,75.719408,37.031430,44.618288
2025-09-14 13:31:33,33.745509,-0.101042,75.799430,37.070608,44.665301
2025-09-14 13:31:34,33.781102,-0.101205,75.879489,37.110321,44.712303
2025-09-14 13:31:35,33.816777,-0.101351,75.959429,37.149740,44.759353
2025-09-14 13:31:36,33.852462,-0.101517,76.039394,37.189236,44.806435
2025-09-14 13:31:37,33.888178,-0.101692,76.119453,37.228945,44.853479
2025-09-14 13:31:38,33.923762,-0.101878,76.199351,37.268440,44.900503
2025-09-14 13:31:39,33.959376,-0.101996,76.279368,37.307668,44.947531
2025-09-14 13:31:40,33.994918,-0.102160,76.359353,37.347218,44.994549
2025-09-14 13:31:41,34.030629,-0.102304,76.439361,37.386773,45.041657
2025-09-14 13:31:42,34.066271,-0.102427,76.519453,37.426171,45.088704
2025-09-14 13:31:43,34.101952,-0.102599,76.599555,37.465783,45.135774
2025-09-14 13:31:44,34.137769,-0.102752,76.679592,37.505506,45.182844
2025-09-14 13:31:45,34.173443,-0.102925,76.759680,37.545186,45.229913
2025-09-14 13:31:46,34.208595,-0.103131,76.838715,37.584610,45.276400
2025-09-14 13:31:47,34.244170,-0.103241,76.918781,37.624172,45.323412
2025-09-14 13:31:48,34.279741,-0.103422,76.998833,37.663642,45.370460
2025-09-14 13:31:49,34.314990,-0.103587,77.078940,37.703196,45.416978
2025-09-14 13:31:50,34.351266,-0.103730,77.158824,37.741765,45.464020
2025-09-14 13:31:51,34.386931,-0.103834,77.238903,37.781422,45.511075
2025-09-14 13:31:52,34.422667,-0.103978,77.319077,37.821281,45.558069
2025-09-14 13:31:53,34.458410,-0.104093,77.399185,37.861059,45.605146
2025-09-14 13:31:54,34.493907,-0.104271,77.479184,37.900671,45.652148
2025-09-14 13:31:55,34.529457,-0.104526,77.559171,37.940362,45.699196
2025-09-14 13:31:56,34.565060,-0.104642,77.639100,37.980141,45.746210
2025-09-14 13:31:57,34.600569,-0.104797,77.719207,38.019866,45.793267
2025-09-14 13:31:58,34.636344,-0.104981,77.799314,38.059436,45.840360
2025-09-14 13:31:59,34.671982,-0.105163,77.879368,38.099506,45.887373
2025-09-14 13:32:00,34.707593,-0.105284,77.959383,38.139127,45.934463
2025-09-14 13:32:01,34.743273,-0.105377,78.039462,38.178971,45.981487
2025-09-14 13:32:02,34.778850,-0.105506,78.119505,38.218622,46.028503
2025-09-14 13:32:03,34.814419,-0.105718,78.199496,38.258094,46.075583
2025-09-14 13:32:04,34.850116,-0.105850,78.279504,38.297847,46.122632
2025-09-14 13:32:05,34.885777,-0.106025,78.359575,38.337773,46.169688
2025-09-14 13:32:06,34.921337,-0.106177,78.439680,38.377638,46.216727
2025-09-14 13:32:07,34.956986,-0.106330,78.519740,38.417306,46.263727
2025-09-14 13:32:08,34.992428,-0.106462,78.599757,38.457036,46.310745
2025-09-14 13:32:09,35.028122,-0.106594,78.679833,38.496826,46.357760
2025-09-14 13:32:10,35.063736,-0.106746,78.759937,38.536592,46.404792
2025-09-14 13:32:11,35.099307,-0.106844,78.839896,38.576463,46.452712
2025-09-14 13:32:12,35.135060,-0.106958,78.919930,38.615410,46.499274
2025-09-14 13:32:13,35.170697,-0.107087,79.000070,38.655144,46.546272
2025-09-14 13:32:14,35.206232,-0.107237,79.080212,38.695143,46.593313
2025-09-14 13:32:15,35.241808,-0.107401,79.160254,38.735018,46.640434
2025-09-14 13:32:16,35.277435,-0.107588,79.240361,38.774705,46.687499
2025-09-14 13:32:17,35.313123,-0.107684,79.320386,38.814384,46.734571
2025-09-14 13:32:18,35.348597,-0.107817,79.400405,38.854190,46.781564
2025-09-14 13:32:19,35.384218,-0.107983,79.480459,38.893921,46.828669
2025-09-14 13:32:20,35.420003,-0.108134,79.560504,38.933099,46.875720
2025-09-14 13:32:21,35.455588,-0.108331,79.640593,38.972350,46.922729
2025-09-14 13:32:22,35.491243,-0.108489,79.720597,39.011242,46.969743
2025-09-14 13:32:23,35.526803,-0.108604,79.800661,39.050570,47.016726
2025-09-14 13:32:24,35.562486,-0.108746,79.880692,39.089887,47.063828
2025-09-14 13:32:25,35.598109,-0.108898,79.960776,39.128309,47.110822
2025-09-14 13:32:26,35.633714,-0.109048,80.040862,39.167897,47.157748
2025-09-14 13:32:27,35.669340,-0.109193,80.120917,39.206352,47.204684
2025-09-14 13:32:28,35.704957,-0.109366,80.200887,39.244546,47.251745
2025-09-14 13:32:29,35.740601,-0.109523,80.280835,39.283620,47.298791
2025-09-14 13:32:30,35.776308,-0.109633,80.360894,39.323491,47.345817
2025-09-14 13:32:31,35.811815,-0.109789,80.440942,39.363366,47.392799
2025-09-14 13:32:32,35.847501,-0.109969,80.520939,39.401627,47.439847
2025-09-14 13:32:33,35.883587,-0.110126,80.601898,39.440095,47.487414
2025-09-14 13:32:34,35.919565,-0.110286,80.682852,39.479131,47.534928
2025-09-14 13:32:35,35.955209,-0.110413,80.762937,39.516977,47.581932
2025-09-14 13:32:36,35.990740,-0.110550,80.842956,39.555109,47.628946
2025-09-14 13:32:37,36.026241,-0.110711,80.922974,39.593841,47.675944
2025-09-14 13:32:38,36.061901,-0.110868,81.002983,39.632245,47.722998
2025-09-14 13:32:39,35.948058,-0.111050,81.116879,39.686356,47.789959
2025-09-14 13:32:40,36.027730,-0.111421,81.295683,39.771996,47.895067
2025-09-14 13:32:41,36.107295,-0.111835,81.475300,39.824056,48.000864
2025-09-14 13:32:42,36.187404,-0.112167,81.655183,39.910424,48.106507
2025-09-14 13:32:43,36.266973,-0.112465,81.833974,39.996221,48.211696
2025-09-14 13:32:44,36.330945,-0.112692,81.978005,40.065227,48.296309
2025-09-14 13:32:45,36.366525,-0.112810,82.057981,40.103425,48.343333
2025-09-14 13:32:46,36.402053,-0.113029,82.137905,40.141525,48.390337
2025-09-14 13:32:47,36.437603,-0.113172,82.217821,40.179605,48.437362
2025-09-14 13:32:48,36.473272,-0.113340,82.297732,40.217848,48.484412
2025-09-14 13:32:49,36.509264,-0.113436,82.378677,40.256694,48.531973
2025-09-14 13:32:50,36.544829,-0.113608,82.458687,40.294561,48.578982
2025-09-14 13:32:51,36.580389,-0.113791,82.538592,40.332473,48.626006
2025-09-14 13:32:52,36.616160,-0.113938,82.618585,40.370374,48.672979
2025-09-14 13:32:53,36.651779,-0.114075,82.698528,40.408454,48.720051
2025-09-14 13:32:54,36.687398,-0.114262,82.778546,40.446736,48.767059
2025-09-14 13:32:55,36.723515,-0.114425,82.859480,40.485823,48.814573
2025-09-14 13:32:56,36.759421,-0.114562,82.940470,40.524122,48.862119
2025-09-14 13:32:57,36.795138,-0.114691,83.020411,40.562149,48.909133
2025-09-14 13:32:58,36.830601,-0.114882,83.100237,40.600928,48.956118
2025-09-14 13:32:59,36.866189,-0.115005,83.180280,40.639505,49.003132
2025-09-14 13:33:00,36.902335,-0.115139,83.261212,40.678876,49.050731
2025-09-14 13:33:01,36.938040,-0.115260,83.341288,40.718032,49.097701
2025-09-14 13:33:02,36.974166,-0.115360,83.422226,40.757669,49.145270
2025-09-14 13:33:03,37.009654,-0.115549,83.501196,40.796898,49.192268
2025-09-14 13:33:04,37.045241,-0.115599,83.581228,40.836149,49.239306
2025-09-14 13:33:05,37.081495,-0.115740,83.663056,40.876333,49.287402
2025-09-14 13:33:06,37.117145,-0.115928,83.743110,40.915648,49.334416
2025-09-14 13:33:07,37.152836,-0.116077,83.823121,40.954477,49.381428
2025-09-14 13:33:08,37.188535,-0.116236,83.903063,40.993872,49.428471
2025-09-14 13:33:09,37.224211,-0.116415,83.983101,41.032714,49.475455
2025-09-14 13:33:10,37.259899,-0.116590,84.063172,41.071973,49.522436
2025-09-14 13:33:11,37.295961,-0.116745,84.142984,41.109810,49.569448
2025-09-14 13:33:12,37.331705,-0.116868,84.222935,41.148689,49.616461
2025-09-14 13:33:13,37.367828,-0.116984,84.303921,41.188883,49.663998
2025-09-14 13:33:14,37.403845,-0.117064,84.384883,41.229288,49.711539
2025-09-14 13:33:15,37.439943,-0.117182,84.465976,41.269446,49.759154
2025-09-14 13:33:16,37.475594,-0.117320,84.545956,41.309448,49.806155
2025-09-14 13:33:17,37.511731,-0.117478,84.626914,41.349731,49.853727
2025-09-14 13:33:18,37.547775,-0.117591,84.707942,41.389774,49.901330
2025-09-14 13:33:19,37.583927,-0.117759,84.788854,41.430136,49.948884
2025-09-14 13:33:20,37.619848,-0.117892,84.869820,41.470510,49.996525
2025-09-14 13:33:21,37.655531,-0.117985,84.949837,41.510011,50.043528
2025-09-14 13:33:22,37.691559,-0.118073,85.030789,41.550028,50.091126
2025-09-14 13:33:23,37.727637,-0.118185,85.111813,41.590240,50.138685
2025-09-14 13:33:24,37.763255,-0.176813,85.191854,41.630025,50.185773
2025-09-14 13:33:25,37.799196,-0.176979,85.272951,41.670534,50.233373
2025-09-14 13:33:26,37.866445,-0.177232,85.417993,41.742610,50.318618
2025-09-14 13:33:27,37.946207,-0.177475,85.596870,41.831307,50.423750
2025-09-14 13:33:28,38.025878,-0.177785,85.775704,41.919989,50.528854
2025-09-14 13:33:29,38.105491,-0.178096,85.954654,42.008531,50.634027
2025-09-14 13:33:30,38.185288,-0.178480,86.133479,42.097309,50.739191
2025-09-14 13:33:31,38.235526,-0.178720,86.246414,42.153426,50.805548
2025-09-14 13:33:32,38.271581,-0.178847,86.327443,42.193860,50.853144
2025-09-14 13:33:33,38.307632,-0.178972,86.408494,42.233988,50.900769
2025-09-14 13:33:34,38.343733,-0.179077,86.489475,42.274137,50.948361
2025-09-14 13:33:35,38.379366,-0.179227,86.569592,42.313933,50.995378
2025-09-14 13:33:36,38.415487,-0.179418,86.650599,42.354273,51.042976
2025-09-14 13:33:37,38.451569,-0.179532,86.731623,42.394356,51.090572
2025-09-14 13:33:38,38.487591,-0.179693,86.812479,42.434538,51.138171
2025-09-14 13:33:39,38.523703,-0.179811,86.893446,42.474604,51.185800
2025-09-14 13:33:40,38.559257,-0.179952,86.973507,42.513751,51.232820
2025-09-14 13:33:41,38.594820,-0.180164,87.053522,42.552249,51.279820
2025-09-14 13:33:42,38.630387,-0.180357,87.133573,42.591131,51.326876
2025-09-14 13:33:43,38.666635,-0.180473,87.214591,42.630220,51.374439
2025-09-14 13:33:45,38.702755,-0.180642,87.295613,42.670458,51.421997
2025-09-14 13:33:46,38.738365,-0.180808,87.375583,42.708768,51.469068
2025-09-14 13:33:47,38.774085,-0.181001,87.455641,42.747398,51.516128
2025-09-14 13:33:48,38.809744,-0.181189,87.535620,42.785585,51.563185
2025-09-14 13:33:49,38.845259,-0.181356,87.615664,42.824571,51.610247
2025-09-14 13:33:50,38.880934,-0.181487,87.695589,42.863087,51.657341
2025-09-14 13:33:51,38.916928,-0.181679,87.776530,42.902039,51.704989
2025-09-14 13:33:52,38.952883,-0.181799,87.857340,42.908048,51.752530
2025-09-14 13:33:53,38.988773,-0.181954,87.938266,42.946742,51.800135
2025-09-14 13:33:54,39.024359,-0.182070,88.018150,42.985410,51.847173
2025-09-14 13:33:55,39.060240,-0.182272,88.099023,43.025101,51.894765
2025-09-14 13:33:56,39.095884,-0.182386,88.179107,43.064560,51.941756
2025-09-14 13:33:57,39.131992,-0.182532,88.260116,43.104287,51.989324
2025-09-14 13:33:58,39.167628,-0.182678,88.340156,43.143435,52.036345
2025-09-14 13:33:59,39.203310,-0.182753,88.420221,43.183264,52.083373
2025-09-14 13:34:00,39.238959,-0.182862,88.500197,43.222671,52.130353
2025-09-14 13:34:01,39.274997,-0.183021,88.581182,43.262337,52.177876
2025-09-14 13:34:02,39.312806,-0.183123,88.666022,43.304082,52.227712
2025-09-14 13:34:03,39.349262,-0.183296,88.747906,43.344216,52.275844
2025-09-14 13:34:04,39.385286,-0.183474,88.828790,43.384078,52.323488
2025-09-14 13:34:05,39.421365,-0.183619,88.909811,43.423921,52.371077
2025-09-14 13:34:06,39.456879,-0.183760,88.989910,43.463439,52.418163
2025-09-14 13:34:07,39.492540,-0.183874,89.069907,43.502537,52.465169
2025-09-14 13:34:08,39.549541,-0.183996,89.149789,43.541153,52.512242
2025-09-14 13:34:09,39.585232,-0.184195,89.229818,43.580736,52.559272
2025-09-14 13:34:10,39.620782,-0.184369,89.309906,43.620582,52.606271
2025-09-14 13:34:11,39.492345,-0.184492,89.389952,43.660398,52.653276
2025-09-14 13:34:12,39.527899,-0.184627,89.469974,43.700198,52.700271
2025-09-14 13:34:13,39.563668,-0.184777,89.549992,43.739937,52.747324
2025-09-14 13:34:14,39.599412,-0.184936,89.631023,43.779975,52.794375
2025-09-14 13:34:15,39.635516,-0.185063,89.711940,43.819677,52.841975
2025-09-14 13:34:16,39.671587,-0.185266,89.792834,43.858996,52.889597
2025-09-14 13:34:17,39.707185,-0.185422,89.872960,43.898734,52.936687
2025-09-14 13:34:18,39.743206,-0.185557,89.953967,43.939269,52.984292
2025-09-14 13:34:19,39.779284,-0.185709,90.035023,43.979282,53.031891
2025-09-14 13:34:20,39.815445,-0.185854,90.115903,44.019641,53.079552
2025-09-14 13:34:21,39.851575,-0.186059,90.196975,44.059792,53.127113
2025-09-14 13:34:22,39.887103,-0.186227,90.276992,44.099635,53.174171
2025-09-14 13:34:23,39.922869,-0.186348,90.357126,44.138878,53.221254
2025-09-14 13:34:24,39.958509,-0.186498,90.437101,44.178887,53.268283
2025-09-14 13:34:25,39.994174,-0.186600,90.517071,44.218751,53.315302
2025-09-14 13:34:26,40.030076,-0.186767,90.597981,44.258832,53.362868
2025-09-14 13:34:27,40.066193,-0.186944,90.679034,44.298803,53.410458
2025-09-14 13:34:28,40.102185,-0.187107,90.760043,44.338976,53.458023
2025-09-14 13:34:29,40.138232,-0.187251,90.841131,44.379425,53.505578
2025-09-14 13:34:30,40.174352,-0.187355,90.922218,44.419061,53.553182
2025-09-14 13:34:31,40.210005,-0.187489,91.002257,44.458194,53.600257
2025-09-14 13:34:32,40.245746,-0.187653,91.082299,44.497873,53.647283
2025-09-14 13:34:33,40.281534,-0.187781,91.162317,44.537423,53.694282
2025-09-14 13:34:34,40.317525,-0.187960,91.243350,44.577708,53.741837
2025-09-14 13:34:35,40.353516,-0.188042,91.324221,44.618076,53.789396
2025-09-14 13:34:36,40.389593,-0.188161,91.405100,44.658890,53.837009
2025-09-14 13:34:37,40.425217,-0.188267,91.485127,44.698206,53.884032
2025-09-14 13:34:38,40.460936,-0.188452,91.565236,44.735994,53.930990
2025-09-14 13:34:39,40.496939,-0.188624,91.646185,44.775210,53.978593
2025-09-14 13:34:40,40.532588,-0.188759,91.726072,44.813371,54.025633
2025-09-14 13:34:41,40.568760,-0.188932,91.806943,44.852467,54.073251
2025-09-14 13:34:42,40.604913,-0.189113,91.887939,44.890340,54.120879
2025-09-14 13:34:43,40.641025,-0.189263,91.968938,44.928995,54.168444
2025-09-14 13:34:44,40.677115,-0.189362,92.049841,44.968023,54.216057
2025-09-14 13:34:45,40.712417,-0.189503,92.129048,45.005196,54.262591
2025-09-14 13:34:46,40.747996,-0.189630,92.209089,45.043751,54.309636
2025-09-14 13:34:47,40.783506,-0.182475,92.289032,45.082061,54.356650
2025-09-14 13:34:48,40.819643,-0.182598,92.369964,45.121691,54.404212
2025-09-14 13:34:49,40.855160,-0.182764,92.450903,45.160230,54.451199
2025-09-14 13:34:50,40.891147,-0.182910,92.531498,45.199602,54.498799
2025-09-14 13:34:51,40.927108,-0.183005,92.613322,45.236532,54.546937
